-2.01117 3.44916 -17 
18.7322 -19.5214 70 
-246.446 453.325 168 
-1.35278 0.636917 -11 
0.403046 -2.78609 11 
2.60693 1.89635 0 
228.471 -436.89 -221 
-230.286 437.209 221 
-0.792297 -2.21533 0 
229.873 -432.661 -221 
-228.159 435.27 221 
227.183 -436.324 -221 
4.3288 -4.73724 0 
-0.593689 -0.853516 -9 
-227.903 439.875 241 
-4.58566 -0.80983 -11 
-0.14386 0.240997 0 
2.71332 2.16702 0 
229.931 -439.899 -213 
-7.97516 8.50592 -17 
6.98651 -4.48956 9 
-0.182678 -2.82562 8 
-5.58081 6.02484 -17 
5.30621 -6.09338 17 
-1.69226 5.71594 -17 
-224.853 432.959 241 
235.553 -446.526 -206 
-71.4108 -13.8096 -43 
-160.725 457.998 260 
224.223 -438.212 -235 
-0.542236 3.70038 -17 
-0.473083 -0.78302 9 
2.13446 -0.91217 8 
-232.521 492.407 -958 
226.397 -491.278 941 
-221.119 434.799 241 
142.777 -449.052 -298 
-143.863 575.395 -917 
249.79 -562.255 1111 
-24.5596 3.02161 -128 
-223.012 432.632 243 
-0.335419 0.30426 0 
-6.11609 128.453 -1230 
6.45151 -128.757 1230 
-1.27136 1.65938 0 
-0.248596 0.487137 0 
8.41418 68.1988 -1200 
0.64798 -8.76973 7 
6.33386 -17.0002 3 
-15.8422 8.38177 20 
-114.005 -178.564 1055 
118.534 138.395 -1068 
-1.48538 -19.2538 -2 
-13.8598 -15.7624 -1 
-5.51715 -21.9218 0 
-95.2107 -85.837 1061 
111.386 131.315 114 
230.511 -440.868 -215 
-231.442 444.035 215 
229.07 -440.332 -232 
-3.82269 2.11139 0 
-62.6371 -18.2882 -25 
-159.294 452.414 257 
227.959 -436.788 -224 
-2.98572 0.35907 0 
5.68048 -6.9599 9 
-232.194 442.377 215 
-0.845032 1.93835 0 
0 0 0 
225.533 -437.845 -232 
0.985779 2.03448 8 
-0.433105 -0.157593 -17 
1.86414 0.57782 9 
-6.09857 0.922058 -9 
3.37891 -0.166565 0 
0.197571 -2.72076 17 
-2.91211 1.08118 -17 
9.60168 -6.37354 26 
-5.31787 6.11993 -17 
-0.320557 2.29431 0 
