0.658 -0.096 0.225 0.287
0.262 -0.045 0.149 0.188
0.036 0.010 0.099 0.143
-0.085 -0.009 0.080 0.148
-0.662 -0.034 0.079 0.065
-0.914 -0.037 0.058 0.007
-0.888 -0.004 0.039 0.006
-0.829 -0.031 0.067 0.041
-0.228 -0.011 0.101 0.104
0.272 -0.032 0.156 0.200
0.594 -0.070 0.238 0.273
0.873 -0.073 0.273 0.337
1.052 -0.082 0.246 0.354
1.122 -0.084 0.214 0.363
1.182 -0.070 0.192 0.408
1.217 -0.062 0.180 0.432
1.249 -0.056 0.170 0.459
1.262 -0.057 0.168 0.403
1.259 -0.056 0.163 0.440
1.193 -0.063 0.170 0.382
1.051 -0.078 0.212 0.357
0.701 -0.109 0.237 0.308
0.261 -0.031 0.145 0.190
0.008 0.007 0.085 0.137
-0.017 -0.005 0.115 0.223
-0.597 -0.014 0.055 0.135
-0.692 -0.024 0.066 0.099
-0.777 -0.030 0.053 0.057
-0.792 -0.028 0.058 0.056
-0.760 -0.023 0.065 0.065
-0.710 -0.018 0.065 0.089
-0.552 -0.032 0.089 0.118
0.042 0.005 0.109 0.155
0.326 -0.023 0.160 0.201
0.639 -0.053 0.221 0.270
0.885 -0.070 0.256 0.292
1.061 -0.071 0.227 0.288
1.121 -0.072 0.197 0.281
1.182 -0.060 0.180 0.308
1.212 -0.063 0.175 0.303
1.212 -0.066 0.174 0.286
1.206 -0.064 0.173 0.281
1.159 -0.066 0.182 0.309
1.063 -0.085 0.216 0.301
0.913 -0.112 0.266 0.314
0.565 -0.143 0.241 0.285
0.190 -0.106 0.174 0.205
-0.058 -0.096 0.127 0.161
-0.190 -0.065 0.109 0.166
-0.744 -0.017 0.046 0.085
-0.815 -0.002 0.036 0.053
-0.806 -0.017 0.057 0.069
-0.853 -0.023 0.054 0.059
-0.827 -0.013 0.056 0.058
-0.746 -0.008 0.058 0.069
-0.648 -0.063 0.152 0.052
-0.360 -0.155 0.259 0.244
0.453 -0.066 0.250 0.350
0.902 -0.073 0.259 0.335
1.027 -0.091 0.227 0.352
1.086 -0.085 0.193 0.360
1.122 -0.087 0.179 0.364
1.172 -0.084 0.176 0.385
1.190 -0.080 0.171 0.387
1.199 -0.081 0.171 0.382
1.188 -0.076 0.174 0.360
1.109 -0.086 0.194 0.307
0.995 -0.113 0.246 0.331
0.718 -0.151 0.259 0.321
0.304 -0.174 0.210 0.256
-0.013 -0.127 0.142 0.171
-0.149 -0.083 0.104 0.143
-0.605 -0.043 0.081 0.075
-0.875 -0.012 0.040 0.024
-0.855 0.001 0.031 0.027
-0.847 -0.023 0.056 0.055
-0.860 -0.021 0.052 0.050
-0.932 -0.016 0.047 0.028
-0.886 -0.016 0.051 0.037
-0.724 -0.020 0.076 0.093
