0.715555 0.125183 0.510477 0.261708 
0.728021 0.1047 0.51329 0.260862 
0.728459 0.10127 0.499493 0.293337 
0.725168 0.101814 0.522918 0.251412 
0.735603 0.109452 0.49664 0.239675 
0.726339 0.11533 0.499701 0.242627 
0.727131 0.122165 0.500138 0.254298 
0.717271 0.122958 0.486283 0.256036 
0.714058 0.121272 0.473715 0.25115 
0.710014 0.127006 0.486771 0.267259 
0.712767 0.135291 0.478894 0.264436 
0.729468 0.148763 0.513834 0.265272 
0.759777 0.10824 0.510705 0.255396 
0.77087 0.0852716 0.502458 0.248702 
0.758533 0.100637 0.508262 0.241039 
0.763521 0.0966458 0.48687 0.26547 
0.775548 0.098621 0.496365 0.244468 
0.788654 0.100699 0.522009 0.250308 
0.798878 0.105028 0.478545 0.211894 
0.797407 0.112823 0.450488 0.187866 
0.792631 0.119923 0.393132 0.163629 
0.790595 0.12847 0.375265 0.141123 
0.834679 0.183262 0.301884 0.117318 
0.846632 0.216904 0.326074 0.113871 
0.850137 0.218688 0.28692 0.104396 
0.850138 0.218613 0.357251 0.141691 
0.807137 0.249757 0.342743 0.117928 
0.76913 0.261966 0.318457 0.141805 
0.774984 0.242822 0.358516 0.157199 
0.759055 0.232601 0.358108 0.170679 
0.722975 0.187742 0.452453 0.22787 
0.681805 0.153369 0.512566 0.290658 
0.676331 0.126828 0.683077 0.361163 
0.635826 0.103899 0.626712 0.282411 
0.469602 0.202725 0.630368 0.433038 
0.241159 0.136042 0.717056 0.381426 
0.253538 0.148834 0.696888 0.396598 
0.30804 0.100143 0.87658 0.578307 
0.258868 0.0540018 0.972926 0.734879 
0.173132 -0.0339689 0.996826 0.760668 
0.094176 -0.0367279 0.910617 0.568005 
0.00722434 0.064329 0.953474 0.838984 
-0.25653 -0.0236226 0.977902 0.79283 
-0.437228 -0.00305701 0.634393 0.709071 
-0.361374 0.0585134 0.666983 0.769961 
-0.401045 0.0492878 0.69743 0.737349 
-0.448144 0.00773885 0.678545 0.759611 
-0.465508 -0.0274167 0.698462 0.771392 
-0.453641 -0.0345299 0.716876 0.811747 
-0.510553 -0.0509472 0.661398 0.725899 
-0.489002 -0.0539557 0.712509 0.769555 
-0.49535 -0.058626 0.721789 0.768273 
-0.483659 -0.0542878 0.694258 0.774553 
-0.465484 -0.0843172 0.737586 0.833338 
-0.450143 -0.083466 0.725198 0.867968 
-0.45146 -0.0834221 0.694532 0.83941 
-0.418289 -0.0599814 0.672689 0.800772 
-0.437306 -0.0613345 0.651801 0.716893 
-0.445447 -0.0579608 0.646523 0.654285 
-0.448177 -0.0656162 0.613596 0.632652 
-0.379445 -0.0613025 0.649388 0.629861 
-0.219935 -0.0281735 0.717171 0.709512 
-0.180724 0.00636823 0.975496 0.780274 
-0.157478 0.022306 0.998822 0.753038 
-0.104313 0.0255962 0.982383 0.685271 
-0.0221006 0.0735027 0.601384 0.415787 
0.171684 0.0442841 0.700867 0.554131 
0.206863 0.061729 0.653611 0.478874 
0.315773 0.0726015 0.642738 0.363429 
0.345575 0.092883 0.625577 0.356287 
0.544924 0.0493226 0.77347 0.455809 
0.553653 0.0299079 0.714567 0.386943 
0.66684 0.0242648 0.621587 0.316029 
0.727986 0.0161149 0.647591 0.351423 
0.76527 0.0390566 0.621196 0.265334 
0.78451 0.0529612 0.485274 0.219628 
0.816639 0.0504443 0.417485 0.187402 
0.83991 0.0395851 0.396465 0.173534 
0.874148 0.0476151 0.376251 0.166677 
0.941497 0.0480993 0.391479 0.187595 
0.994844 0.0374084 0.406098 0.291233 
1.03294 0.0312144 0.390247 0.137737 
1.09264 0.0112379 0.403958 0.143582 
1.13867 -0.00826124 0.473414 0.155392 
1.20106 0.00888408 0.480313 0.143052 
1.20763 0.0507887 0.453283 0.156813 
1.2059 0.0553868 0.508588 0.154098 
1.27582 0.0225175 0.640306 0.14402 
1.29936 0.0143214 0.652468 0.180697 
1.3312 0.000819587 0.674232 0.261889 
1.32263 -0.00927834 0.639636 0.282662 
1.29593 -0.00118465 0.626932 0.328099 
1.26343 -0.00192411 0.655098 0.362855 
1.22989 -0.00256322 0.691683 0.542422 
1.14992 0.0038573 0.608653 0.759694 
1.0594 0.0153667 0.563601 0.461708 
1.02269 0.018275 0.64218 1.61308 
0.930656 0.0268524 0.65519 0.763385 
0.88383 0.033694 0.720849 0.673575 
0.817615 -0.0137404 0.650871 0.543026 
0.822781 -0.0336176 0.871128 0.887207 
0.769979 -0.0323883 0.889601 0.924665 
0.630912 -0.125665 0.931116 0.721354 
0.283743 -0.00771682 0.757699 0.533304 
0.275445 -0.0113944 0.823155 0.727941 
0.171164 0.0329669 0.758324 0.775529 
0.118032 0.0562075 0.757031 0.793315 
0.125965 0.0659608 0.740225 0.771218 
0.0701195 0.0553174 0.79165 0.868166 
0.0323919 0.0420081 0.852062 0.890795 
-0.0870497 0.072328 0.861666 0.897882 
-0.19776 0.0535284 0.829319 0.880379 
-0.263123 -0.0261069 0.748575 0.770283 
-0.273265 -0.0382406 0.756654 0.733831 
-0.322333 -0.0760352 0.758604 0.773376 
-0.325187 -0.091977 0.769979 0.811036 
-0.33072 -0.066721 0.777026 0.796629 
-0.33389 -0.047093 0.767666 0.776928 
-0.336829 -0.0165632 0.759729 0.754657 
-0.352487 -0.024672 0.767744 0.768345 
-0.38387 -0.0289761 0.724256 0.728151 
-0.377639 -0.0732483 0.70625 0.700777 
-0.424878 -0.167379 0.68187 0.685192 
-0.416766 -0.0970316 0.652565 0.675491 
-0.398454 -0.0713218 0.618301 0.698028 
-0.400633 -0.0736558 0.587475 0.637546 
-0.395343 -0.0846572 0.565998 0.613699 
-0.329151 -0.115784 0.889616 0.761839 
-0.261862 -0.114348 0.914279 0.796421 
-0.133442 -0.0913757 0.670834 0.828821 
-0.0778102 0.000344604 0.666068 0.856382 
-0.0498288 0.015342 0.825603 0.717348 
0.0089173 0.0385066 0.847404 0.690189 
0.245105 0.0375499 0.978406 0.731982 
0.319614 0.037345 1.08685 0.67679 
0.32214 0.154284 0.696481 0.433514 
0.300475 0.184495 0.582354 0.379828 
0.413241 0.0878619 0.680327 0.474292 
0.599967 0.0600096 0.673854 0.521092 
0.674064 0.0348011 0.675157 0.450377 
0.722967 0.0132535 0.648868 0.460631 
0.834644 -0.00165679 0.633398 0.484169 
0.857074 -0.00606196 0.614998 0.417545 
0.870995 -0.00555354 0.581196 0.331877 
0.873544 0.0294078 0.537913 0.286706 
0.917273 0.0543933 0.477591 0.274156 
0.98037 0.0520607 0.450982 0.341092 
1.04093 0.0348551 0.436571 0.332616 
1.06992 0.0283518 0.407953 0.332176 
1.07137 0.0306747 0.440505 0.286325 
1.0763 -0.00483822 0.458775 0.240757 
1.12962 0.00662875 0.434271 0.225172 
1.16891 0.0135181 0.466554 0.15172 
1.26522 -0.0119846 0.608335 0.190482 
1.29919 -0.0259664 0.69382 0.254895 
1.34353 -0.0447925 0.564142 0.202216 
1.37738 -0.0713902 0.605777 0.249245 
1.41495 -0.077753 0.601862 0.233323 
1.41446 -0.0705124 0.594771 0.243344 
1.42194 -0.0723487 0.590769 0.227627 
1.42571 -0.0709276 0.599046 0.238659 
1.43114 -0.0884627 0.574488 0.266885 
1.43402 -0.0786471 0.635353 0.388338 
1.42534 -0.0730956 0.741324 0.277668 
1.41473 -0.0732427 0.727731 0.330245 
1.29822 -0.0634782 0.595451 0.407798 
1.24318 -0.0552697 0.598296 0.577733 
1.14474 -0.0631975 0.584009 0.581131 
1.09277 -0.0581666 0.674336 0.813496 
1.07649 -0.0119957 0.751277 0.962503 
1.02487 0.00388245 0.781074 0.943538 
0.87096 -0.00557667 0.747168 0.876738 
0.748015 0.0093212 0.717433 0.781105 
0.683612 -0.00409127 0.813446 0.904197 
0.553733 -0.0142063 0.724031 0.659502 
0.562349 -0.0226577 0.989615 0.714011 
0.165886 0.071259 0.562634 0.470155 
0.197138 0.0491964 0.819173 0.571402 
0.196878 0.0584418 0.922245 0.589595 
0.169776 0.0906308 0.879143 0.813728 
0.10696 0.0692793 0.913137 0.985509 
0.0487645 0.0538734 0.97943 0.736374 
0.006478 0.0707598 0.99565 1.17088 
-0.0810414 0.0771527 0.930878 1.13374 
-0.102148 0.0610958 0.959453 1.12642 
-0.111964 -0.024209 0.95748 1.13782 
-0.221185 0.0203345 0.835856 0.919022 
-0.286402 0.00268206 0.807138 0.86512 
-0.29211 -0.0484898 0.789152 0.860286 
-0.316565 -0.0228507 0.808164 0.89864 
-0.321988 -0.0156653 0.831133 0.919697 
-0.309471 -0.0332894 0.81603 0.977777 
-0.310263 -0.0637098 0.818947 0.916396 
-0.327604 -0.0602351 0.815284 0.895416 
-0.450262 -0.166167 0.763442 0.904868 
-0.414015 -0.138673 0.752632 0.874117 
-0.394037 -0.116521 0.723177 0.735915 
-0.376238 -0.10875 0.703071 0.783548 
-0.320305 -0.0754636 0.69909 0.744822 
-0.282943 -0.0646548 0.974381 0.824258 
-0.211967 -0.0628735 0.733136 0.785009 
-0.0853627 -0.0567565 0.794353 0.884444 
-0.0369463 -0.0462816 1.06319 0.919537 
0.00700373 -0.0670673 1.05436 0.761019 
0.0569857 -0.0795955 1.08207 0.771735 
0.238537 -0.049403 0.78131 0.59924 
0.293403 -0.0272902 0.699055 0.559637 
0.437974 -0.0933623 0.803998 0.581384 
0.470668 -0.142919 0.896823 0.650437 
0.587079 -0.108487 0.773254 0.643166 
0.66124 -0.0767118 0.733703 0.676309 
0.745941 -0.0710402 0.673821 0.534907 
0.87629 -0.112308 0.750558 0.565143 
0.94264 -0.111084 0.704219 0.489851 
0.996436 -0.085985 0.668746 0.446506 
1.03522 -0.0776339 0.596351 0.397901 
1.08224 -0.0606266 0.541159 0.388247 
1.13871 -0.0506795 0.514036 0.378244 
1.18188 -0.0517663 0.533321 0.319707 
1.18637 -0.0302858 0.532619 0.292414 
1.19011 -0.0339986 0.518175 0.249899 
1.18227 -0.0226 0.449449 0.219907 
1.25761 -0.0340917 0.525519 0.244842 
1.31477 -0.0435695 0.573696 0.237564 
1.38148 -0.0703608 0.643027 0.238888 
1.41535 -0.0784073 0.675784 0.250113 
1.43829 -0.0865776 0.695121 0.240235 
1.43812 -0.084728 0.6759 0.223977 
1.43532 -0.0844636 0.682926 0.216146 
1.43564 -0.08551 0.697576 0.214629 
1.42315 -0.0845121 0.665614 0.236065 
1.41698 -0.0894481 0.694973 0.302093 
1.37308 -0.102823 0.70374 0.336689 
1.34969 -0.122718 0.736258 0.472591 
1.28048 -0.123961 0.729381 0.539816 
1.20549 -0.110397 0.75036 0.556367 
1.15342 -0.12324 0.808024 0.699317 
1.02335 -0.109843 0.735459 0.749121 
0.937615 -0.0946719 0.778204 0.692418 
0.820411 -0.0541623 0.661968 0.676897 
0.775372 -0.0362633 0.744119 0.829046 
0.680285 -0.0233773 0.798011 0.936643 
0.650029 -0.00960505 0.787864 0.917991 
0.536927 0.0488752 0.65962 0.722049 
0.342021 0.0418363 0.557387 0.643549 
0.268253 0.0558725 0.696249 0.500936 
0.212521 0.062672 0.688373 0.455866 
0.226154 0.0800851 0.898471 0.763359 
0.180363 0.0914831 0.878238 0.759375 
0.120538 0.0273062 0.942408 0.851327 
-0.0411739 -0.0220562 0.873741 0.927546 
-0.0530574 -0.0687749 0.9238 1.04574 
-0.105959 -0.0717003 0.874365 0.958584 
-0.121613 -0.0849508 0.885753 0.955386 
-0.146949 -0.101605 0.868235 0.984649 
-0.280871 -0.0705177 0.737949 0.792334 
-0.265524 -0.0679769 0.785021 0.87501 
-0.277999 -0.0718873 0.768375 0.901139 
-0.31298 -0.055352 0.757784 0.839406 
-0.315551 -0.0665423 0.739645 0.82194 
-0.330916 -0.0557033 0.746396 0.809228 
-0.330703 -0.0755119 0.7254 0.81252 
-0.293864 -0.121684 0.7494 0.818617 
-0.310223 -0.0989044 0.704963 0.765167 
-0.335032 -0.118505 0.718532 0.724655 
-0.339074 -0.125238 0.681215 0.733941 
-0.285746 -0.122519 0.719606 0.779305 
-0.311218 -0.120976 0.696733 0.710172 
-0.296636 -0.104222 0.669534 0.717457 
-0.270933 -0.0756145 0.926782 0.817865 
-0.250534 -0.0447989 0.86634 0.789517 
-0.11782 -0.117874 0.978833 0.943456 
-0.0970407 -0.117377 0.854979 0.858986 
0.0804988 -0.0247497 0.844044 0.696622 
0.223266 -0.00865902 0.901742 0.644316 
0.229865 -0.00593406 0.670219 0.661155 
0.265707 -0.00702044 0.630084 0.644988 
0.328931 0.0368669 0.576671 0.572428 
0.422831 0.00202218 0.623107 0.692804 
0.445975 -0.033403 0.598973 0.548347 
0.578008 -0.0245477 0.60938 0.612005 
0.659845 -0.0288189 0.604072 0.552914 
0.779357 -0.0471859 0.665343 0.625192 
0.865629 -0.0552429 0.647323 0.611912 
0.94064 -0.0370438 0.636192 0.499126 
0.962502 -0.0166951 0.547435 0.416701 
0.974482 -0.00505749 0.485602 0.414381 
1.06899 -0.0112707 0.580849 0.488076 
1.10268 -0.036414 0.548353 0.394556 
1.13151 -0.0480682 0.531565 0.345945 
1.14289 -0.0440045 0.492377 0.319752 
1.15836 -0.0396121 0.482637 0.258574 
1.18006 -0.0346742 0.473044 0.220794 
1.2191 -0.0391976 0.475556 0.211057 
1.29091 -0.053424 0.548066 0.257243 
1.36174 -0.0774352 0.635387 0.258614 
1.40277 -0.0956105 0.699785 0.249628 
1.41632 -0.11564 0.733752 0.263269 
1.42294 -0.125466 0.772948 0.277405 
1.43083 -0.126374 0.775053 0.297041 
1.42996 -0.124772 0.825587 0.30474 
1.42612 -0.124841 0.827936 0.364018 
1.40064 -0.123135 0.860631 0.500229 
1.34326 -0.130472 0.818248 0.559899 
1.2833 -0.136647 0.757185 0.634733 
1.16267 -0.134332 0.667962 0.606356 
1.06818 -0.0991615 0.67529 0.586929 
0.970221 -0.0843327 0.724012 0.599709 
0.891529 -0.0370717 0.740429 0.664569 
0.875077 -0.0426107 0.812877 0.789282 
0.851916 -0.0579673 0.895432 0.881493 
0.710595 -0.0258706 0.840079 0.878479 
0.603311 -0.00570196 0.894324 0.977165 
0.603415 -0.0172731 0.982125 1.11289 
0.191713 0.058238 0.526939 0.549291 
0.144854 -0.000870407 0.693144 0.67761 
0.218017 0.00834004 0.836814 0.869563 
0.21355 0.0205699 0.89719 0.588858 
0.232149 0.0463076 0.905268 0.802087 
0.2891 -0.000663787 1.0358 0.998318 
0.147611 -0.0220224 0.977613 1.05372 
0.056035 -0.0494019 0.93584 0.99495 
-0.0886722 -0.0296159 0.851428 0.998751 
-0.264293 -0.0160049 0.743522 0.867552 
-0.369406 -0.0124296 0.699814 0.769371 
-0.400408 -0.00410212 0.7025 0.731119 
-0.36886 -0.0236462 0.74773 0.770564 
-0.340926 -0.00753136 0.763826 0.779929 
-0.373784 -0.0306569 0.747152 0.779195 
-0.38713 -0.0564549 0.754895 0.783104 
-0.548442 -0.15766 0.719149 0.758499 
-0.492618 -0.129674 0.72026 0.768539 
-0.465806 -0.129826 0.719038 0.767102 
-0.44971 -0.113567 0.736408 0.77879 
-0.43774 -0.10423 0.730477 0.770689 
-0.43463 -0.097571 0.698315 0.757976 
-0.433559 -0.0887711 0.68426 0.734565 
-0.432743 -0.0797718 0.650274 0.711224 
-0.413419 -0.0729844 0.637513 0.696102 
-0.399261 -0.0549838 0.861988 0.753974 
-0.344516 -0.0497005 0.85071 0.763407 
-0.285672 -0.0500805 0.888214 0.861087 
-0.249348 -0.0295808 0.92257 0.870756 
-0.12718 0.0144439 0.95542 0.851377 
-3.82848e-05 0.0582936 0.906111 0.695968 
0.173083 0.0584902 0.887106 0.621944 
0.233174 0.0565506 0.612235 0.631678 
0.241298 0.0182091 0.589199 0.553479 
0.282947 -0.0375546 0.650263 0.536146 
0.356225 -0.00861417 0.65036 0.549311 
0.364465 -0.0320345 0.632228 0.41074 
0.535445 0.0231697 0.515523 0.4047 
0.691251 -0.0194427 0.556612 0.574388 
0.698218 -0.00676369 0.470077 0.393896 
0.744323 -0.0197478 0.436863 0.33575 
0.78372 -0.00639041 0.385917 0.2934 
0.826337 0.0039017 0.404743 0.325619 
0.855048 0.0246605 0.351467 0.235724 
0.898904 0.0108064 0.373806 0.305668 
0.95953 -0.0127992 0.424884 0.347626 
1.01852 -0.0420005 0.437981 0.336893 
1.1129 -0.0483192 0.495211 0.380358 
1.16052 -0.0520957 0.511778 0.353378 
1.20553 -0.079276 0.535218 0.352164 
1.23276 -0.106592 0.54021 0.282029 
1.31528 -0.12633 0.665774 0.333757 
1.35572 -0.122462 0.684739 0.372856 
1.35229 -0.110601 0.622804 0.270764 
1.38051 -0.10655 0.611245 0.274193 
1.3909 -0.101481 0.596133 0.251913 
1.40408 -0.103156 0.60788 0.236942 
1.42544 -0.110622 0.632189 0.24751 
1.43871 -0.131973 0.722032 0.30368 
1.44147 -0.125143 0.705448 0.305041 
1.44148 -0.122411 0.70483 0.344124 
1.43797 -0.122897 0.723703 0.345768 
1.43156 -0.119344 0.758402 0.406803 
1.35393 -0.114552 0.666636 0.372235 
1.28543 -0.10879 0.612682 0.419927 
1.21253 -0.0792352 0.584421 0.492489 
1.15607 -0.0553618 0.651692 0.669086 
1.10649 -0.0462201 0.71486 0.808408 
1.01112 -0.0414438 0.65132 0.658513 
0.962567 -0.0438996 0.74158 0.724218 
0.870727 -0.0584204 0.619182 0.67324 
0.797881 -0.0665182 0.678017 0.722961 
0.747533 -0.0618854 0.720907 0.786776 
0.699564 -0.0391735 0.668723 0.704939 
0.665037 -0.058292 0.726117 0.761361 
0.505662 -0.0490254 0.663597 0.768982 
0.288196 -0.0165459 0.663387 0.644008 
0.217459 0.000887752 0.731654 0.663317 
0.213496 0.0643179 0.718139 0.736311 
0.225387 0.0256145 0.817021 0.841745 
0.22717 0.00476297 0.891701 0.962684 
0.168563 -0.0157286 0.89927 0.96058 
0.13733 -0.0137511 0.882191 0.926912 
-0.00407303 0.00899232 0.788683 0.928002 
-0.103166 0.00256679 0.864792 0.840619 
-0.140849 -0.00449415 0.753229 0.916191 
-0.173942 -0.0288225 0.746001 0.93666 
-0.188618 -0.0406186 0.739044 0.890846 
-0.243699 -0.0278648 0.728487 0.834929 
-0.300925 -0.0326664 0.696612 0.779876 
-0.312448 -0.0342283 0.719804 0.77749 
-0.362677 -0.0290614 0.711253 0.772523 
-0.388097 -0.0478704 0.726437 0.755303 
-0.363665 -0.106781 0.746029 0.745999 
-0.348834 -0.149962 0.743102 0.742687 
-0.372692 -0.126381 0.738791 0.730302 
-0.393882 -0.114652 0.70778 0.730924 
-0.402018 -0.100628 0.71431 0.739974 
-0.400664 -0.0756827 0.709172 0.749873 
-0.36634 -0.0832348 0.728274 0.739691 
-0.341551 -0.0689459 0.726523 0.748315 
-0.341371 -0.0553127 0.727091 0.74744 
-0.360473 -0.0504901 0.704992 0.751362 
-0.371685 -0.0494539 0.694711 0.771884 
-0.348813 -0.0360147 0.684249 0.761312 
-0.340228 -0.0475478 0.680424 0.745671 
-0.344054 -0.0622944 0.644294 0.728983 
-0.359915 -0.114445 0.627323 0.682591 
-0.374254 -0.11442 0.624862 0.649806 
-0.38366 -0.115416 0.610208 0.608414 
-0.383328 -0.108472 0.598329 0.576346 
-0.393434 -0.0681534 0.787846 0.682217 
-0.281946 -0.087331 0.590755 0.61787 
-0.193853 -0.0987436 0.887514 0.792311 
-0.191188 -0.106809 0.896077 0.783532 
-0.164222 -0.0459422 0.862656 0.832566 
-0.14449 -0.0778898 0.847212 0.855659 
-0.163495 -0.104714 0.819018 0.836584 
-0.317206 -0.248476 0.908402 0.958138 
-0.151162 -0.150901 0.847267 0.878118 
-0.121405 -0.183608 0.878143 0.910077 
-0.0709519 -0.161459 0.930802 0.885759 
0.0965997 -0.164346 1.02905 0.959793 
0.146704 -0.142825 0.728289 0.93206 
0.0847631 -0.0345762 0.651042 0.71132 
0.0840015 -0.0293576 0.643644 0.584419 
0.146992 -0.0129471 0.717061 0.518951 
0.194429 0.000102997 0.680215 0.505701 
0.310294 -0.0213566 0.742844 0.544536 
0.348439 -0.0412381 0.726231 0.546106 
0.392593 -0.0358939 0.704469 0.557933 
0.416269 -0.0262146 0.637339 0.642956 
0.46884 -0.0272235 0.605607 0.68194 
0.500111 -0.0238164 0.61217 0.689395 
0.534458 -0.027574 0.598301 0.662589 
0.604852 -0.0467383 0.641649 0.722048 
0.681129 -0.112348 0.756836 0.790999 
0.747378 -0.133667 0.8187 0.778774 
0.781128 -0.132674 0.865545 0.898686 
0.828602 -0.139637 0.914282 0.82478 
0.851024 -0.138044 0.806525 0.744703 
0.887801 -0.121869 0.700668 0.740198 
0.906231 -0.0932469 0.725099 0.759991 
0.919025 -0.0965119 0.706017 0.717012 
0.921607 -0.0808181 0.62951 0.643205 
0.911342 -0.0789893 0.596232 0.57733 
0.930526 -0.0652889 0.521474 0.497531 
0.936027 -0.0637458 0.539575 0.472068 
0.988525 -0.0512915 0.534392 0.48696 
0.995375 -0.0497551 0.469672 0.368559 
1.0203 -0.055323 0.459498 0.352105 
1.06383 -0.0599498 0.499721 0.411734 
1.12883 -0.0721153 0.515268 0.379499 
1.16066 -0.073312 0.52473 0.290689 
1.18393 -0.0813633 0.553929 0.356959 
1.19765 -0.0831753 0.533447 0.311088 
1.24227 -0.0864921 0.538092 0.331873 
1.31557 -0.0814892 0.603653 0.379121 
1.36356 -0.079674 0.629431 0.376737 
1.39075 -0.0949376 0.678994 0.309039 
1.42134 -0.114552 0.739002 0.341432 
1.42433 -0.110937 0.721563 0.356261 
1.43092 -0.105861 0.742399 0.314165 
1.42918 -0.104853 0.731697 0.298053 
1.42064 -0.103118 0.704666 0.296771 
1.42001 -0.0977496 0.687828 0.276729 
1.41987 -0.0955951 0.666249 0.270364 
1.42002 -0.0859446 0.675089 0.226828 
1.42327 -0.0874025 0.660921 0.242864 
1.43205 -0.087883 0.658657 0.254728 
1.46 -0.0899419 0.704153 0.312306 
1.47568 -0.0872376 0.723236 0.356144 
1.45874 -0.0908784 0.709202 0.356618 
1.46065 -0.101585 0.769689 0.410268 
1.43112 -0.125073 0.774847 0.452282 
1.39664 -0.124812 0.743114 0.384019 
1.39511 -0.130939 0.786316 0.468826 
1.37586 -0.128785 0.799068 0.553015 
1.35631 -0.130017 0.784673 0.554178 
1.3252 -0.134479 0.746522 0.567581 
1.28352 -0.141019 0.781978 0.656481 
1.21135 -0.148829 0.727994 0.535551 
1.16843 -0.140553 0.743112 0.601904 
1.14989 -0.135724 0.735305 0.62476 
1.12273 -0.130275 0.742547 0.628052 
1.10572 -0.11731 0.775554 0.716403 
1.09361 -0.101302 0.76768 0.75238 
1.07505 -0.0792969 0.746383 0.779259 
1.05273 -0.0640933 0.74252 0.844075 
1.03644 -0.0580567 0.755348 0.870482 
1.0065 -0.0539001 0.705418 0.861673 
0.932323 -0.0350883 0.654062 0.700299 
0.942093 -0.0382233 0.740598 0.86844 
0.921402 -0.0314531 0.708405 0.84308 
0.89927 -0.0283899 0.806179 0.999959 
0.892183 -0.0274596 0.82218 1.02741 
0.912376 -0.0248402 0.89308 1.14769 
0.891143 -0.0223781 0.855635 1.1514 
0.862007 -0.0165693 0.826854 1.05037 
0.791606 -0.000651196 0.804746 1.09166 
0.725955 0.00666707 0.7385 0.936598 
0.693233 0.00581795 0.825058 0.927443 
0.618522 0.0388202 0.639115 0.925031 
0.610028 0.0472053 0.646828 1.02764 
0.666488 0.0367179 0.70819 1.08679 
0.697882 0.0329128 0.738824 1.00536 
0.707555 0.0144606 0.878464 1.0597 
0.713426 0.0191954 0.931588 1.15034 
0.685181 0.0192194 0.945649 1.14803 
0.668765 0.0267427 0.907008 0.970094 
0.635999 0.0340375 0.921706 0.884681 
0.594133 0.054365 0.940783 0.909994 
0.551546 0.0774676 0.971964 0.889307 
0.517554 0.0954354 1.00128 0.876296 
0.4944 0.107145 0.945356 0.856045 
0.28181 0.185909 0.656492 0.633784 
0.281851 0.180575 0.680187 0.667342 
0.236142 0.17634 0.677886 0.66803 
0.209737 0.173613 0.706484 0.664964 
0.219478 0.141095 0.741817 0.69278 
0.183848 0.104793 0.749386 0.718777 
0.171765 0.0798017 0.72097 1.06387 
0.115071 0.0696406 0.623134 1.04568 
0.131009 0.064151 0.620198 0.890176 
0.124277 0.0825965 0.633332 0.90435 
0.115479 0.0754829 0.640886 0.914301 
0.204115 0.120284 0.721093 0.963107 
0.151264 0.0908255 0.712269 0.946335 
0.115532 0.0619808 0.773193 0.765278 
0.0760804 0.057995 0.772107 0.74917 
0.00239473 0.0698531 0.752492 0.754786 
-0.139624 -0.0073061 0.659985 0.898788 
-0.194528 -0.0583544 0.642765 0.895977 
-0.195057 -0.0754335 0.626113 0.982251 
-0.197114 -0.0981778 0.664325 1.0483 
-0.23494 -0.116201 0.673324 1.13264 
-0.243298 -0.126331 0.624755 1.11568 
-0.20612 -0.102256 0.651424 1.17448 
-0.236801 -0.112782 0.608344 1.20306 
-0.217615 -0.13239 0.663495 1.10822 
-0.216828 -0.125132 0.663001 1.08767 
-0.209492 -0.125269 0.678565 1.06246 
-0.21075 -0.139636 0.614825 1.15437 
-0.228787 -0.151168 0.713234 1.05077 
-0.240306 -0.154414 0.672216 1.05134 
-0.246153 -0.14323 0.680206 1.03603 
-0.332901 -0.0942016 0.641349 0.917721 
-0.375561 -0.102636 0.653079 0.8861 
-0.358866 -0.113393 0.634384 0.943568 
-0.365905 -0.118656 0.6577 0.92425 
-0.34944 -0.159151 0.641332 0.914084 
-0.345569 -0.174088 0.667061 0.890826 
-0.359493 -0.171539 0.656381 0.869791 
-0.35922 -0.165053 0.631113 0.876165 
-0.339588 -0.153359 0.641228 0.880025 
-0.368144 -0.117407 0.648664 0.875226 
-0.377948 -0.120727 0.651429 0.868478 
-0.373542 -0.103232 0.655356 0.856897 
-0.365074 -0.0924966 0.652337 0.836164 
-0.35827 -0.0863929 0.637183 0.858829 
-0.327122 -0.0894537 0.648494 0.852409 
-0.337004 -0.0986751 0.631071 0.890488 
-0.351257 -0.0862212 0.629712 0.889598 
-0.368808 -0.0860177 0.645452 0.881384 
-0.401936 -0.093438 0.624143 0.874749 
-0.373553 -0.100516 0.588575 0.867043 
-0.411303 -0.154147 0.584652 0.794413 
-0.422071 -0.131839 0.531353 0.775384 
-0.387058 -0.127758 0.704426 0.920996 
-0.3683 -0.142036 0.727523 0.960092 
-0.321396 -0.167484 0.795044 1.01493 
-0.294556 -0.161742 0.851689 1.00198 
-0.266393 -0.16691 0.864173 0.98195 
-0.197482 -0.156659 0.789244 0.878819 
-0.180883 -0.153226 0.777249 0.806731 
0.00552437 -0.130149 0.834053 0.914425 
0.128108 -0.111539 0.707748 0.883564 
0.131009 -0.0150861 0.602698 0.784378 
0.159918 -0.0359006 0.559444 0.911082 
0.239312 -0.014478 0.6418 0.619435 
0.251193 -0.0132345 0.688504 0.56605 
0.228335 0.00145105 0.606088 0.547973 
0.149305 -0.0184589 0.596038 0.498838 
0.227674 -0.0412153 0.569708 0.602958 
0.319396 -0.042055 0.632021 0.639097 
0.442071 -0.0248599 0.624661 0.71776 
0.527642 -0.0246159 0.656238 0.811827 
0.575883 -0.0292826 0.67226 0.793984 
0.595427 -0.0189361 0.67006 0.827229 
0.673724 -0.0727226 0.726097 0.953405 
0.759828 -0.0591785 0.817216 1.08047 
0.788466 -0.0734006 0.825237 1.03668 
0.792942 -0.0817497 0.766251 0.911322 
0.80542 -0.0833506 0.727888 0.756314 
0.826456 -0.0894417 0.704174 0.713337 
0.842691 -0.0936349 0.666658 0.684249 
0.882043 -0.0843842 0.627289 0.650658 
0.953042 -0.0794078 0.62251 0.799764 
0.995995 -0.093871 0.691082 0.80969 
1.00844 -0.0925097 0.659286 0.768749 
1.01189 -0.0935675 0.560778 0.618613 
1.02702 -0.0975757 0.557444 0.607076 
1.04099 -0.0977482 0.529667 0.552092 
1.03842 -0.0890763 0.507566 0.53404 
1.03917 -0.0928941 0.507871 0.472368 
1.07475 -0.064862 0.476849 0.457494 
1.10467 -0.0570313 0.505911 0.52503 
1.10109 -0.0538222 0.486317 0.459115 
1.13941 -0.0659778 0.530352 0.460453 
1.16608 -0.0774072 0.597121 0.471227 
1.17796 -0.0951417 0.550938 0.432556 
1.18131 -0.106272 0.55431 0.392829 
1.19835 -0.113747 0.582462 0.404648 
1.20904 -0.121581 0.579573 0.383225 
1.21379 -0.121442 0.570823 0.394122 
1.22543 -0.123788 0.573479 0.349345 
1.22378 -0.1193 0.576976 0.341043 
1.2335 -0.121842 0.570345 0.351174 
1.2353 -0.124052 0.574295 0.351852 
1.24098 -0.128587 0.571466 0.341458 
1.28549 -0.140575 0.62562 0.387827 
1.33974 -0.148002 0.695979 0.466578 
1.3231 -0.148763 0.663238 0.416871 
1.31874 -0.15321 0.674095 0.387359 
1.32214 -0.156614 0.655725 0.385 
1.33719 -0.160745 0.681374 0.397561 
1.34211 -0.16905 0.665846 0.417236 
1.3418 -0.165312 0.679963 0.423659 
1.33609 -0.16838 0.670049 0.501106 
1.3258 -0.176486 0.713189 0.517706 
1.32054 -0.1769 0.762183 0.583294 
1.2896 -0.193616 0.808354 0.652001 
1.29149 -0.18579 0.866864 0.722418 
1.25549 -0.185552 0.899076 0.772153 
1.18522 -0.183081 0.816238 0.856236 
1.10768 -0.164544 0.758487 0.803522 
1.07999 -0.13967 0.777431 0.791003 
1.03958 -0.12567 0.804214 0.785297 
1.01546 -0.120973 0.827954 0.884565 
0.987622 -0.110481 0.866685 1.00259 
0.974964 -0.0957234 0.885018 1.09604 
0.934858 -0.0760757 0.846736 1.11223 
0.882747 -0.0595975 0.860329 1.07426 
0.788969 -0.0431733 0.801146 1.01897 
0.738285 -0.0217212 0.814478 1.11523 
0.706941 -0.0185045 0.799975 1.20678 
0.587248 -0.0354786 0.738261 1.0459 
0.493915 -0.0411725 0.713641 0.808608 
0.422423 -0.0484598 0.74702 0.773411 
0.389445 -0.00575704 0.726352 0.752737 
0.345428 -0.0177527 0.690022 0.812576 
0.274386 -0.0201627 0.657454 0.834846 
0.242249 -0.0125129 0.658796 0.87216 
0.224789 -0.0202339 0.702232 0.952541 
0.198417 -0.00143984 0.73311 0.865232 
0.0960931 0.0471742 0.753655 0.682332 
0.142594 0.0557479 0.827656 0.71521 
0.155603 0.0558575 0.806651 0.767015 
0.137515 0.045209 0.724503 0.909902 
0.147287 0.0412262 0.724925 1.00275 
0.153653 -0.0696014 0.855963 1.0211 
0.165503 -0.0771347 0.872917 1.05511 
0.159188 -0.0187058 0.816562 0.988287 
0.0439853 -0.00818363 0.6997 0.922921 
0.0167265 0.0132983 0.683939 0.818231 
-0.0831984 -0.0292273 0.680569 0.836975 
-0.162403 -0.0637879 0.686387 0.864134 
-0.198527 -0.0949823 0.682259 0.88376 
-0.209938 -0.109105 0.768909 0.799614 
-0.198904 -0.0795111 0.660209 0.938824 
-0.176462 -0.0590461 0.643152 0.961439 
-0.268642 -0.0693982 0.853628 0.858062 
-0.287206 -0.0438411 0.887543 0.91413 
-0.288777 -0.0569717 0.867687 0.938693 
-0.27375 -0.0724855 0.849012 0.959885 
-0.307673 -0.0756434 0.621392 0.931554 
-0.294711 -0.0758233 0.628398 0.931975 
-0.277333 -0.0550198 0.633146 0.895296 
-0.290373 -0.0715375 0.845737 0.977444 
-0.270462 -0.0759171 0.856735 1.01812 
-0.224323 -0.0984327 0.684749 0.929346 
-0.232975 -0.0887255 0.679703 0.926151 
-0.224574 -0.105219 0.693244 0.875279 
-0.233754 -0.0943283 0.674829 0.880634 
-0.232139 -0.108433 0.670782 0.889223 
-0.215631 -0.090697 0.675578 0.908995 
-0.169137 -0.111549 0.725952 0.94407 
-0.180674 -0.108798 0.713712 0.950841 
-0.200839 -0.102638 0.712537 0.937671 
-0.190481 -0.09815 0.695925 0.922622 
-0.193873 -0.106584 0.708692 0.901196 
-0.195704 -0.103169 0.689996 0.897453 
-0.199459 -0.093611 0.698817 0.885089 
-0.201657 -0.0928114 0.715589 0.891316 
-0.198884 -0.107315 0.694567 0.894632 
-0.234771 -0.11842 0.703896 0.872976 
-0.227881 -0.10379 0.712202 0.876046 
-0.23391 -0.100666 0.705253 0.873583 
-0.25585 -0.0928617 0.688667 0.833188 
-0.283874 -0.111254 0.677647 0.850346 
-0.311707 -0.102948 0.666005 0.807326 
-0.352415 -0.129419 0.699851 0.836633 
-0.328703 -0.119594 0.692765 0.853441 
-0.333762 -0.11283 0.712118 0.836022 
-0.347033 -0.123898 0.723299 0.834763 
-0.368894 -0.147779 0.741794 0.818956 
-0.354861 -0.134505 0.736228 0.829017 
-0.356862 -0.122906 0.769199 0.808249 
-0.34576 -0.119348 0.760871 0.813636 
-0.335083 -0.118992 0.741995 0.824502 
-0.329275 -0.115547 0.739148 0.827439 
-0.327569 -0.111148 0.718003 0.818041 
-0.324058 -0.0930961 0.702685 0.797936 
-0.317831 -0.0861522 0.697587 0.771243 
-0.318023 -0.0782907 0.834876 0.88654 
-0.285292 -0.0781361 0.841482 0.873783 
-0.251328 -0.0819594 0.861276 0.897199 
-0.201161 -0.0985734 0.869371 0.890449 
-0.138254 -0.0878641 0.674184 0.798275 
-0.11566 -0.0784359 0.66822 0.753155 
-0.0500019 -0.0440831 0.668218 0.720221 
0.00139559 -0.0182613 0.666382 0.677966 
0.0480016 -0.015971 0.679104 0.640455 
0.0673322 -0.0246511 0.679404 0.611614 
0.0963752 -0.0923753 0.778009 0.628477 
0.106665 -0.0445574 0.69551 0.561751 
0.140334 -0.0685414 0.713552 0.576196 
0.185875 -0.0502775 0.710111 0.554033 
0.25839 -0.0150763 0.685271 0.531633 
0.272677 -0.0032661 0.644621 0.490993 
0.286826 -0.00817877 0.618712 0.438056 
0.42124 -0.013559 0.604916 0.548809 
0.472738 -0.00992735 0.641822 0.513831 
0.604951 -0.0888354 0.754156 0.670109 
0.639012 -0.12034 0.759316 0.753122 
0.660865 -0.0986212 0.712229 0.757523 
0.699952 -0.0429454 0.654959 0.704456 
0.766867 -0.0352241 0.658184 0.768761 
0.751535 -0.0222993 0.553452 0.597764 
0.790733 -0.0292588 0.532523 0.492068 
0.905185 -0.056739 0.675252 0.713651 
0.982302 -0.0919119 0.726973 0.80912 
1.01671 -0.0982722 0.67452 0.67859 
1.0543 -0.115218 0.707005 0.64939 
1.0522 -0.117531 0.665387 0.569613 
1.07637 -0.138729 0.683521 0.520528 
1.09616 -0.15266 0.687495 0.500508 
1.10569 -0.160726 0.705324 0.480586 
1.13374 -0.168148 0.714732 0.442087 
1.16582 -0.163388 0.725563 0.428456 
1.18387 -0.168161 0.696563 0.434236 
1.2122 -0.172103 0.673237 0.448007 
1.23943 -0.173913 0.676386 0.433296 
1.29031 -0.174075 0.739058 0.45863 
1.30782 -0.187968 0.752471 0.470696 
1.31042 -0.205854 0.795413 0.431613 
1.30349 -0.223109 0.80462 0.431517 
1.30318 -0.228558 0.805595 0.443649 
1.31054 -0.229586 0.822393 0.428895 
1.31352 -0.227835 0.797663 0.425652 
1.30747 -0.239674 0.816138 0.40219 
1.3069 -0.24231 0.81342 0.405619 
1.30732 -0.24693 0.791891 0.42804 
1.30957 -0.24735 0.802926 0.410031 
1.30469 -0.256284 0.823197 0.405547 
1.30259 -0.260658 0.815132 0.430736 
1.30262 -0.259069 0.826177 0.396721 
1.29952 -0.262672 0.829421 0.416292 
1.30149 -0.261531 0.828032 0.453094 
1.30695 -0.253348 0.837863 0.464473 
1.305 -0.254452 0.877533 0.495201 
1.2968 -0.251131 0.894696 0.576832 
1.298 -0.251575 0.929988 0.68096 
1.29565 -0.247648 0.9816 0.751589 
1.26095 -0.252927 0.984105 0.773179 
1.22532 -0.229685 0.96439 0.740886 
1.17618 -0.203028 0.8987 0.730915 
1.11652 -0.196801 0.924249 0.73697 
1.07824 -0.184054 0.887697 0.766103 
1.07146 -0.193675 0.893035 0.787428 
1.06392 -0.174824 0.891079 0.813517 
1.07301 -0.18063 0.93057 0.859924 
1.02752 -0.148719 0.939412 0.926721 
0.927862 -0.122194 0.891179 0.852855 
0.84186 -0.0734523 0.866041 0.884663 
0.751045 -0.0494265 0.764367 0.870908 
0.702877 -0.0371347 0.749276 0.861124 
0.674916 -0.0184179 0.756015 0.944284 
0.566461 0.00877502 0.702759 0.837983 
0.513928 -0.00718099 0.705998 0.828332 
0.469111 -0.0364528 0.667797 0.862711 
0.411939 0.035238 0.629286 0.924732 
0.395974 0.0197256 0.670755 0.960468 
0.370693 0.0164631 0.687389 1.03463 
0.348662 0.0285244 0.699784 0.932778 
0.232533 0.101978 0.491403 0.848858 
0.199518 0.142121 0.471075 0.821353 
0.185302 0.127063 0.555443 0.831929 
0.193845 0.0954698 0.615438 0.841535 
0.2258 0.0675054 0.680334 0.855646 
0.219577 0.0848536 0.698453 0.780508 
0.198091 0.0803352 0.736988 0.841958 
0.108997 0.068014 0.697592 0.825019 
0.0812792 0.0635688 0.702319 0.775924 
0.0543891 0.0439254 0.750345 0.768538 
-0.0126308 0.0283319 0.734057 0.768633 
-0.0956833 0.049984 0.68075 0.590519 
-0.146434 0.0294827 0.709304 0.595098 
-0.183536 -0.0164021 0.763195 0.650676 
-0.203397 -0.0308481 0.791469 0.684897 
-0.253327 -0.0557908 0.680948 0.749874 
-0.265763 -0.0523046 0.752474 0.773064 
-0.244937 -0.0707947 0.803541 0.784747 
-0.239038 -0.0470848 0.724487 0.682074 
-0.24027 -0.0902951 0.803829 0.70275 
-0.241444 -0.0961829 0.790494 0.714519 
-0.265977 -0.0805781 0.774515 0.695483 
-0.332085 -0.00780078 0.680354 0.557936 
-0.30952 -0.000256151 0.71588 0.606644 
-0.316304 -0.0212755 0.730858 0.621526 
-0.343666 -0.00274411 0.706657 0.580936 
-0.343795 -0.00399996 0.707642 0.600321 
-0.353574 0.00558692 0.722484 0.561355 
-0.355196 0.0164305 0.702899 0.568028 
-0.343508 0.0047078 0.75414 0.599677 
-0.345255 0.0127556 0.70568 0.615471 
-0.330783 -0.00294188 0.757523 0.639419 
-0.331693 -0.00850399 0.746797 0.6492 
0.881861 0.105036 0.988351 1.47083 
0.918618 0.100528 1.01769 1.59827 
0.903718 0.255824 1.03084 2.0857 
1.02937 -0.164523 0.706398 0.230745 
1.03638 -0.175175 0.698425 0.238468 
1.04448 -0.174853 0.666279 0.254775 
1.05443 -0.177493 0.604651 0.283217 
1.06277 -0.176788 0.571505 0.299383 
1.07116 -0.178435 0.547672 0.304313 
1.08121 -0.179211 0.541657 0.311211 
1.08948 -0.178408 0.540314 0.312452 
1.09805 -0.174864 0.521997 0.303209 
1.10578 -0.17897 0.53245 0.303631 
1.11197 -0.177159 0.537113 0.295893 
1.12095 -0.177551 0.547117 0.296442 
1.12424 -0.188808 0.565654 0.306304 
1.1356 -0.18743 0.562027 0.295833 
1.14669 -0.177514 0.545915 0.287515 
1.14812 -0.166906 0.526612 0.279864 
1.15003 -0.172446 0.532758 0.280599 
1.15986 -0.167497 0.513885 0.268189 
1.17177 -0.157891 0.499296 0.266943 
1.17985 -0.159284 0.504035 0.264805 
1.17634 -0.172777 0.504149 0.260571 
1.18127 -0.167572 0.485676 0.239293 
1.18929 -0.173078 0.497746 0.234515 
1.19395 -0.163747 0.491499 0.233822 
1.19521 -0.158773 0.484964 0.226979 
1.1905 -0.160374 0.495887 0.227446 
1.18437 -0.151981 0.487024 0.229666 
1.17374 -0.154288 0.503857 0.242534 
1.15193 -0.150507 0.508859 0.253356 
1.12649 -0.155389 0.51214 0.270789 
1.09883 -0.155472 0.509899 0.290085 
1.06867 -0.151431 0.510829 0.308985 
1.02334 -0.138799 0.489456 0.317161 
0.973428 -0.136351 0.488172 0.331538 
0.919881 -0.132191 0.48706 0.338708 
0.855862 -0.127394 0.482597 0.346967 
0.791053 -0.125267 0.485419 0.358188 
0.717356 -0.111238 0.475968 0.35761 
0.629823 -0.0975485 0.47144 0.354791 
0.551667 -0.096817 0.480119 0.360165 
0.458763 -0.0849725 0.472819 0.360445 
0.370047 -0.0699731 0.473147 0.357468 
0.295613 -0.0377895 0.466093 0.332537 
0.227806 -0.0282183 0.485763 0.344312 
0.148334 -0.0139892 0.511599 0.330351 
0.079063 0.0566807 0.445779 0.218494 
0.0208855 0.0812913 0.47951 0.176128 
0.022791 0.0705309 0.486928 0.288918 
0.0239531 0.0432965 0.543554 0.407626 
0.0414896 0.0304108 0.587772 0.527559 
0.0435561 0.0329744 0.623536 0.613898 
0.0294512 0.0493821 0.633288 0.670455 
0.0635894 0.0512546 0.67131 0.765194 
0.00485905 0.055109 0.616361 0.741927 
-0.0471475 0.0443076 0.581112 0.72001 
-0.104854 0.0107197 0.555509 0.69609 
-0.151453 -0.0357056 0.543606 0.6758 
-0.202197 -0.0612596 0.528589 0.647965 
-0.246524 -0.0964678 0.531492 0.638427 
-0.284367 -0.117386 0.528715 0.620239 
-0.321898 -0.117868 0.524176 0.598484 
-0.310202 -0.1 0.506367 0.587156 
-0.255308 -0.0871505 0.512702 0.608116 
-0.280428 -0.102538 0.521179 0.613395 
-0.322128 -0.104909 0.520049 0.598276 
-0.451562 -0.0631094 0.500872 0.561595 
-0.54232 -0.0295382 0.484093 0.523956 
-0.590472 -0.00968495 0.46386 0.485869 
-0.614231 0.0128743 0.446268 0.462056 
-0.602661 0.0509806 0.448861 0.462187 
-0.597204 0.0691622 0.461154 0.44517 
-0.587933 0.0853885 0.44975 0.433058 
-0.590266 0.085816 0.448746 0.422827 
-0.596391 0.091583 0.442932 0.416574 
-0.600138 0.094927 0.447949 0.431565 
-0.608502 0.0879353 0.448941 0.43531 
-0.631004 0.0959115 0.431544 0.381108 
-0.630563 0.112903 0.416138 0.34271 
-0.604584 0.106795 0.428755 0.371625 
-0.559899 0.109495 0.467359 0.446546 
-0.540043 0.107322 0.479593 0.46777 
-0.518769 0.101228 0.492908 0.491881 
-0.496007 0.0868599 0.513547 0.515297 
-0.484522 0.0716501 0.496992 0.503359 
-0.467363 0.0576972 0.503994 0.505762 
-0.460174 0.0397786 0.51566 0.503767 
-0.439184 0.021387 0.530566 0.529386 
-0.40442 0.0019857 0.544214 0.561648 
-0.375745 -0.0156483 0.553081 0.598396 
-0.388494 -0.0480417 0.560754 0.615026 
-0.420344 -0.0758352 0.53432 0.58775 
-0.245504 -0.0689792 0.595857 0.685227 
-0.1112 -0.0460766 0.57802 0.800258 
-0.00685427 -0.00629769 0.614394 0.882787 
0.123903 -0.0269884 0.793939 0.986486 
0.175541 0.010839 0.759284 1.00186 
0.238624 -0.00424872 0.789134 1.01646 
0.449418 -0.150284 0.525915 0.56437 
0.494942 -0.152061 0.522141 0.55899 
0.550396 -0.157934 0.539619 0.567848 
0.601427 -0.156898 0.524929 0.543633 
0.651007 -0.164744 0.534132 0.512231 
0.705134 -0.172901 0.539629 0.510461 
0.754674 -0.188937 0.558201 0.511935 
0.806964 -0.185065 0.558492 0.523605 
0.84336 -0.195363 0.573551 0.527878 
0.880881 -0.214316 0.598865 0.54646 
0.921125 -0.215385 0.612578 0.524108 
0.955955 -0.20805 0.611017 0.513965 
0.974897 -0.197835 0.60669 0.503324 
0.998107 -0.193016 0.612518 0.504861 
1.0211 -0.19165 0.612553 0.509898 
1.0382 -0.200843 0.623222 0.504793 
1.06079 -0.200326 0.638862 0.474927 
1.08509 -0.204756 0.645606 0.45758 
1.1017 -0.217277 0.657684 0.447256 
1.12196 -0.215494 0.650622 0.43349 
1.14454 -0.220182 0.651716 0.434299 
1.16852 -0.222498 0.651529 0.431408 
1.19669 -0.219154 0.653466 0.433513 
1.22188 -0.210721 0.662269 0.434439 
1.24476 -0.212219 0.67149 0.415447 
1.2612 -0.21371 0.681464 0.402777 
1.28259 -0.204221 0.666799 0.392465 
1.29241 -0.20796 0.673552 0.386734 
1.30088 -0.207802 0.684892 0.370658 
1.31011 -0.196542 0.679448 0.345094 
1.31568 -0.195725 0.681917 0.338134 
1.31523 -0.195365 0.682807 0.333219 
1.31482 -0.19661 0.68877 0.340344 
1.31129 -0.187968 0.685289 0.337049 
1.30572 -0.183294 0.696073 0.348951 
1.29979 -0.182362 0.713643 0.373479 
1.29105 -0.189395 0.742686 0.397237 
1.27766 -0.200363 0.789072 0.424971 
1.26122 -0.208364 0.829269 0.462514 
1.24774 -0.194939 0.843889 0.481592 
1.23144 -0.194076 0.869875 0.489106 
1.22241 -0.191153 0.912542 0.562541 
1.20698 -0.178488 0.892896 0.531661 
1.19679 -0.188331 0.919953 0.486385 
1.18617 -0.17655 0.935692 0.430969 
1.18337 -0.170305 0.964347 0.37137 
1.18432 -0.163086 0.994842 0.3183 
1.18933 -0.157193 1.02536 0.271065 
1.18961 -0.171917 1.06272 0.250645 
1.19415 -0.183518 1.09146 0.234472 
1.20006 -0.195323 1.12118 0.221035 
1.2081 -0.211706 1.1466 0.213634 
1.21389 -0.211483 1.1476 0.195176 
1.21591 -0.210239 1.14693 0.179161 
1.20629 -0.214502 1.15466 0.169934 
1.19696 -0.222439 1.16158 0.168547 
1.19111 -0.219271 1.15962 0.162013 
1.19129 -0.217142 1.16236 0.159394 
1.1905 -0.221774 1.16794 0.163055 
1.1817 -0.212336 1.16737 0.164286 
1.17891 -0.220181 1.18901 0.181346 
1.18194 -0.239251 1.24581 0.208118 
1.1772 -0.270604 1.31124 0.250303 
1.17252 -0.284746 1.36452 0.285157 
1.2295 -0.241431 1.3535 0.334499 
1.26269 -0.208594 1.38484 0.40142 
1.20242 -0.286575 1.4144 0.555223 
1.1642 -0.277733 1.36263 0.628866 
1.21432 -0.23436 1.39805 0.871928 
1.18195 -0.277121 1.39573 0.906132 
1.08103 -0.214987 1.20078 0.755202 
0.87985 -0.133898 1.10279 0.452785 
1.12613 -0.297161 1.45447 0.942232 
1.16101 -0.356963 1.49448 1.36691 
1.15235 -0.408426 1.53395 1.69426 
1.12162 -0.449154 1.5446 1.89888 
1.19324 -0.377096 1.51422 2.0857 
1.26325 -0.300004 1.44864 2.0857 
1.3028 -0.253896 1.4032 2.0857 
1.30974 -0.259408 1.23844 2.0857 
1.32446 -0.245404 1.27741 2.0857 
1.3593 -0.205683 1.28611 2.0857 
1.31879 -0.248303 1.15462 2.0857 
1.30831 -0.261094 1.36085 2.0857 
1.08595 -0.324546 1.19539 2.0857 
1.19684 -0.0826146 1.48074 2.0857 
1.019 -0.23077 1.3498 2.0857 
1.22781 -0.340193 1.17618 2.0857 
1.22166 -0.347835 1.19791 2.0857 
1.20953 -0.359879 1.21128 2.0857 
1.20696 -0.360909 1.21289 2.0857 
1.21951 -0.348009 1.23245 2.0857 
1.19602 -0.374716 1.30582 2.0857 
1.19795 -0.372652 1.33947 2.0857 
1.19942 -0.371013 1.35997 2.0857 
1.20039 -0.370384 1.38828 2.0857 
1.23034 -0.34045 1.39913 2.03116 
1.25493 -0.314357 1.38651 1.8091 
1.27762 -0.290274 1.38629 1.5672 
1.29847 -0.269581 1.40069 1.35915 
1.28017 -0.282833 1.39524 0.901539 
1.28151 -0.276164 1.37245 0.622002 
1.27494 -0.280162 1.35158 0.46293 
1.2465 -0.265017 1.30267 0.279914 
1.23919 -0.19749 1.25605 0.157573 
1.22527 -0.120456 1.21729 0.0751098 
1.21631 -0.0658213 1.19584 0.0293386 
1.20117 -0.0420573 1.18157 0.00786574 
1.19828 -0.0163637 1.18501 0.00639444 
1.1939 0.00249982 1.18547 0.017229 
1.17556 0.00417243 1.193 0.0194612 
1.16383 0.00440984 1.19896 0.0180303 
1.15674 -0.00998452 1.20509 0.00707588 
1.15164 -0.0345709 1.23386 0.0120548 
1.12191 -0.026829 1.20392 0.0158599 
1.3159 -0.0562295 1.30328 0.0290199 
1.38093 -0.0993097 1.38844 0.128449 
1.3661 -0.137191 1.41568 0.398579 
1.33742 -0.179512 1.41795 0.812751 
1.30412 -0.186389 1.41864 0.727227 
1.03137 -0.173591 1.3443 0.325107 
0.908417 -0.149945 1.25134 0.372264 
0.8502 -0.124651 1.00371 0.726214 
1.17462 -0.382319 1.5446 1.90554 
1.25014 -0.30845 1.5446 1.89358 
1.30236 -0.250911 1.5446 1.6919 
1.32213 -0.199942 1.5379 1.3807 
1.33292 -0.159906 1.48801 0.925497 
1.33724 -0.142246 1.45982 0.561492 
1.31652 -0.144389 1.4265 0.371657 
1.29418 -0.141325 1.39091 0.270204 
1.25679 -0.186676 1.37544 0.269029 
1.23386 -0.211846 1.38299 0.257733 
1.22595 -0.227332 1.38716 0.241221 
1.22736 -0.231436 1.37745 0.219056 
1.2326 -0.229134 1.37002 0.198492 
1.23857 -0.223452 1.35742 0.180539 
1.24503 -0.221167 1.33764 0.164384 
1.25251 -0.208005 1.30658 0.143899 
1.25889 -0.189412 1.27794 0.123315 
1.26026 -0.162243 1.24575 0.0986904 
1.26215 -0.147611 1.22462 0.0868171 
1.25956 -0.119804 1.1937 0.0668927 
1.25341 -0.0883545 1.1587 0.0462699 
1.23624 -0.0641076 1.13091 0.0335547 
1.21161 -0.0342505 1.09834 0.0144684 
1.19433 -0.0147634 1.08143 0.00248976 
1.17629 -0.00402691 1.08313 0.0029901 
1.15818 -0.00565666 1.0956 0.00341797 
1.13115 0.00790378 1.0946 0.00221079 
1.10089 0.0277678 1.07876 0.012285 
1.06272 0.0414109 1.06566 0.0139482 
1.06027 0.0162972 1.05291 0.0333319 
1.29601 -0.0105125 1.27971 0.0564953 
1.36366 -0.07223 1.41535 0.241533 
1.35973 -0.118785 1.45136 0.550414 
1.34202 -0.14633 1.43877 0.945477 
1.31228 -0.192424 1.45886 1.4743 
1.27894 -0.22623 1.48285 1.87047 
1.25579 -0.249162 1.49505 2.0857 
1.22427 -0.293476 1.47758 2.0857 
1.17859 -0.350079 1.45915 2.0857 
1.1541 -0.386772 1.4449 2.0857 
1.12296 -0.428225 1.44726 2.0857 
1.2352 -0.120963 1.40474 2.0857 
1.2774 -0.0805056 1.39198 2.0857 
1.31328 -0.0594122 1.40514 2.0857 
1.34271 -0.0354179 1.42512 2.0857 
1.35256 -0.0236974 1.39936 2.0857 
1.3389 -0.00347099 1.46064 2.0857 
1.35387 0.00480193 1.5387 2.0857 
1.30413 -0.260576 1.5446 2.02473 
1.27434 -0.290322 1.5446 2.0857 
1.23553 -0.329082 1.5446 2.0857 
1.18187 -0.25506 1.30594 2.0857 
1.09707 -0.218896 1.26152 2.0857 
1.05096 -0.193508 1.22026 2.0857 
1.031 -0.19278 1.30218 2.0857 
1.02632 -0.193661 1.28296 2.0857 
1.19505 -0.0555347 1.46522 2.0857 
1.27814 0.0208842 1.5446 2.0857 
1.29136 0.0574298 1.5446 2.0857 
1.29708 0.0792792 1.5446 2.0857 
1.30584 0.0818411 1.5446 2.0857 
1.30984 0.0869903 1.5446 2.0857 
1.31617 0.0841169 1.5446 2.0857 
1.37726 0.0715146 1.5446 2.0857 
1.37646 0.069314 1.5446 2.0857 
1.35229 0.0750043 1.5446 2.0857 
1.3504 0.0834895 1.5446 2.0857 
1.32827 0.105382 1.5446 2.0857 
1.34094 0.10278 1.5446 2.0857 
1.26451 -0.0184644 1.32693 2.0857 
1.29782 -0.00901735 1.38625 2.0857 
1.33095 0.0352785 1.41282 2.0857 
1.36778 -0.00455104 1.46901 2.0857 
1.3651 -0.107973 1.42395 2.0857 
1.35367 -0.124336 1.42179 2.0857 
1.3642 -0.109266 1.43296 1.74169 
1.35725 -0.11426 1.42005 0.955316 
1.35524 -0.103897 1.40076 0.562198 
1.29843 -0.180065 1.36448 0.461532 
1.26516 -0.227782 1.37447 0.410316 
1.25244 -0.260958 1.38954 0.375624 
1.23703 -0.266281 1.36086 0.324252 
1.24095 -0.24479 1.3283 0.262406 
1.25059 -0.21287 1.29929 0.202059 
1.24999 -0.181972 1.26645 0.154058 
1.25841 -0.152336 1.24003 0.116393 
1.26049 -0.131409 1.21894 0.0885399 
1.26734 -0.112398 1.20383 0.0655579 
1.27858 -0.108725 1.20096 0.0569328 
1.28376 -0.100365 1.19256 0.0476125 
1.2825 -0.085637 1.17297 0.0342667 
1.28545 -0.0703538 1.16316 0.0214348 
1.28728 -0.0627535 1.15888 0.0146241 
1.28478 -0.0485121 1.13868 0.00343536 
1.27499 -0.0329602 1.12105 0.00930304 
1.25813 -0.00592095 1.09102 0.0317377 
1.2289 0.0270334 1.05714 0.0614255 
1.19618 0.0576421 1.03517 0.0935945 
1.16809 0.0774202 1.02836 0.117282 
1.13813 0.0911659 1.03221 0.133841 
1.11453 0.0890041 1.0423 0.13021 
1.07658 0.091883 1.05642 0.123928 
1.22008 0.0625282 1.18926 0.121636 
1.31438 -0.0101771 1.32427 0.0179906 
1.36324 -0.0585631 1.4075 0.0944554 
1.38694 -0.106035 1.4751 0.318136 
1.37733 -0.138271 1.50703 0.668649 
1.35053 -0.16391 1.50442 1.26023 
1.32064 -0.212278 1.5446 1.87046 
1.27287 -0.275663 1.5446 2.03404 
1.23146 -0.315602 1.5446 2.0857 
1.18391 -0.366989 1.5446 2.0857 
1.13138 -0.429106 1.5446 2.0857 
1.07018 -0.494027 1.5446 2.0857 
1.02024 -0.545334 1.5446 2.0857 
1.09284 -0.409553 1.5446 2.0857 
1.19918 -0.245156 1.5446 2.0857 
1.22122 -0.247789 1.53949 2.0857 
1.299 -0.138762 1.5446 2.0857 
1.21591 -0.192747 1.53121 2.0857 
1.24092 -0.138536 1.5446 2.0857 
1.26024 -0.178736 1.5446 2.0857 
1.3069 -0.112377 1.5446 2.0857 
1.3276 -0.142028 1.5446 2.0857 
1.31457 -0.1593 1.54393 2.0857 
1.3313 -0.111796 1.5446 2.0857 
1.30536 -0.154314 1.53675 2.0857 
1.16417 -0.199934 1.48877 2.0857 
1.17892 -0.123744 1.5446 2.0857 
1.13069 -0.302013 1.52961 2.0857 
1.08228 -0.240356 1.54599 2.0857 
1.03136 -0.200591 1.51752 2.0857 
1.04651 -0.15451 1.54748 2.0857 
1.17122 -0.0512317 1.5446 2.0857 
1.25614 -0.265109 1.36392 0.43636 
1.25928 -0.2466 1.32659 0.358625 
1.26377 -0.222884 1.29198 0.291964 
1.26933 -0.200407 1.27227 0.244985 
1.27978 -0.185761 1.26376 0.211816 
1.28506 -0.181028 1.25777 0.189501 
1.29145 -0.167038 1.25012 0.166267 
1.29235 -0.156686 1.24104 0.148438 
1.28916 -0.143146 1.21886 0.128942 
1.29322 -0.129774 1.19776 0.110574 
1.29723 -0.117065 1.18038 0.0953567 
1.29401 -0.0950874 1.14483 0.0731999 
1.28108 -0.0675836 1.11319 0.0463137 
1.27389 -0.0449217 1.07918 0.0225012 
1.26145 -0.0257049 1.06134 0.00338291 
1.26501 -0.024578 1.06737 0.0010358 
1.26712 -0.0268131 1.06635 0.00260671 
1.26175 -0.0148475 1.05571 0.0069312 
1.25729 -0.00320649 1.04135 0.0175002 
1.24609 0.0093449 1.02939 0.0285142 
1.23557 0.0264403 1.02183 0.0402422 
1.2325 0.0316226 1.02161 0.0425566 
1.22123 0.0354738 1.01677 0.0442652 
1.208 0.0370103 1.00773 0.0444413 
1.18708 0.0466964 0.99056 0.051624 
1.17064 0.0455512 0.985934 0.0505419 
1.15518 0.0404321 1.01743 0.0498732 
1.12247 0.0309421 1.04614 0.0319306 
1.10246 0.0205766 1.0697 0.00803073 
1.2498 -0.117743 1.12183 0.175077 
1.35254 -0.156012 1.28198 0.319487 
1.36877 -0.162486 1.40554 0.586571 
1.37056 -0.189862 1.50632 1.16916 
1.34426 -0.222902 1.5446 1.85165 
1.21838 -0.346455 1.5446 1.67469 
1.1871 -0.379789 1.5446 1.95145 
1.113 -0.454354 1.5446 1.94741 
1.07391 -0.495476 1.5446 2.02407 
1.04617 -0.522248 1.5446 2.08377 
1.0835 -0.394605 1.54199 2.0857 
1.05824 -0.315264 1.44734 2.0857 
1.05203 -0.29235 1.40259 2.0857 
1.15774 -0.169008 1.49028 2.0857 
1.18991 -0.218047 1.44749 2.0857 
1.27028 -0.121462 1.49743 2.0857 
1.37114 -0.0837758 1.54562 2.0857 
1.4416 -0.0707239 1.5446 2.0857 
1.47107 -0.0793667 1.5446 2.0857 
1.48029 -0.0775127 1.5446 2.0857 
1.48874 -0.0713366 1.5446 2.0857 
1.49114 -0.0718667 1.5446 2.0857 
1.49746 -0.0671855 1.5446 2.0857 
1.50297 -0.0616801 1.5446 2.0857 
1.51418 -0.0344456 1.5446 2.0857 
1.53014 -0.0265283 1.5446 2.0857 
1.5389 -0.0149843 1.5446 2.0857 
1.5388 -0.00153366 1.5446 2.0857 
1.30203 -0.0899243 1.5446 2.0857 
1.20471 -0.238756 1.5446 2.0857 
1.10575 -0.194499 1.48952 2.0857 
1.10581 -0.149462 1.46268 2.0857 
1.05912 -0.131349 1.4516 2.0857 
1.03903 -0.131887 1.46032 2.0857 
1.03664 -0.135929 1.48482 2.0857 
1.19894 -0.177639 1.5446 2.0857 
1.26111 -0.172857 1.54013 2.06155 
1.29549 -0.15494 1.5014 1.72927 
1.33743 -0.1489 1.48803 1.34406 
1.36971 -0.121592 1.47046 0.901962 
1.38532 -0.0950253 1.43203 0.525952 
1.31584 -0.16464 1.40102 0.439256 
1.28916 -0.206795 1.39312 0.389813 
1.2781 -0.22853 1.39402 0.352186 
1.27531 -0.2359 1.39133 0.311068 
1.27433 -0.239395 1.39599 0.278904 
1.27319 -0.247033 1.40921 0.257047 
1.27281 -0.248835 1.4191 0.238578 
1.27252 -0.251714 1.42263 0.22586 
1.27433 -0.246203 1.40844 0.210236 
1.28477 -0.228086 1.38588 0.187602 
1.29267 -0.214752 1.36207 0.170038 
1.30016 -0.189074 1.32979 0.147085 
1.31103 -0.162327 1.29464 0.122771 
1.31514 -0.140118 1.2653 0.102781 
1.32194 -0.122334 1.24845 0.0906299 
1.32715 -0.10233 1.2285 0.0757615 
1.32894 -0.0922849 1.21347 0.0687945 
1.32743 -0.0799858 1.19515 0.0599066 
1.32461 -0.0656924 1.1788 0.0500225 
1.32357 -0.0566398 1.16848 0.04461 
1.31526 -0.04896 1.15914 0.0413918 
1.29975 -0.0344699 1.14667 0.0334836 
1.27177 -0.0114828 1.11649 0.0161652 
1.23669 0.0248895 1.09206 0.0147701 
1.19961 0.0467883 1.0905 0.0335316 
1.15293 0.0606974 1.09217 0.0506939 
1.10755 0.0757004 1.07498 0.0620265 
1.08936 0.0630485 1.04023 0.0486544 
1.3011 0.0327173 1.24877 0.0418174 
1.40158 -0.0279067 1.37653 0.0953911 
1.40977 -0.0697002 1.44165 0.325845 
1.40117 -0.101799 1.46576 0.737538 
1.38856 -0.135299 1.48627 1.32321 
1.32115 -0.176221 1.48664 1.83071 
1.2878 -0.206598 1.4844 2.0857 
1.2723 -0.236978 1.48081 2.0857 
1.22201 -0.306576 1.49103 2.0857 
1.17667 -0.358682 1.49907 2.0857 
1.12646 -0.425193 1.52252 2.0857 
1.09981 -0.453618 1.5446 2.0857 
1.07768 -0.477975 1.5446 2.0857 
0.995091 -0.571526 1.5446 2.08052 
1.06279 -0.41215 1.42786 2.0857 
1.18095 -0.234104 1.45914 2.0857 
1.23932 -0.219996 1.47446 2.0857 
1.30263 -0.146438 1.50481 2.0857 
1.33431 -0.0934439 1.53244 2.0857 
1.33536 -0.0623944 1.5446 2.0857 
1.25705 -0.159447 1.47761 2.0857 
1.26614 -0.118374 1.48493 2.0857 
1.28775 -0.0815848 1.51035 2.0857 
1.28269 -0.164531 1.45494 2.0857 
1.32572 -0.108022 1.51224 2.0857 
1.35845 -0.122178 1.52024 2.0857 
1.35344 -0.0537719 1.5446 2.0857 
1.18398 -0.150831 1.48323 2.0857 
1.07332 -0.195707 1.43141 2.0857 
1.21325 -0.0564811 1.53333 2.0857 
1.10935 -0.114691 1.48287 2.0857 
1.03987 -0.130852 1.4479 2.0857 
1.08263 -0.119031 1.4797 2.0857 
1.18672 -0.0344132 1.54721 2.0857 
1.08911 -0.0420097 1.44184 2.0857 
1.04288 -0.021782 1.3849 2.0857 
0.975317 -0.00225267 1.33119 2.0857 
0.939082 0.0208761 1.24624 2.0857 
0.936293 0.0214535 1.20321 2.0857 
1.17779 -0.0295056 1.3884 2.0857 
1.26156 -0.0609736 1.42623 1.74328 
1.30698 -0.0886548 1.43078 1.06714 
1.3471 -0.094442 1.43351 0.680862 
1.35195 -0.0998801 1.41955 0.449975 
1.34222 -0.0973042 1.37928 0.324077 
1.33025 -0.10952 1.36226 0.27387 
1.31835 -0.114328 1.32928 0.235999 
1.30241 -0.148071 1.33093 0.239958 
1.29393 -0.129554 1.31678 0.193414 
1.30076 -0.156845 1.34268 0.197754 
1.3024 -0.178745 1.36261 0.201226 
1.30125 -0.188403 1.37094 0.197234 
1.29852 -0.195915 1.35127 0.193667 
1.2999 -0.189955 1.33035 0.179909 
1.30055 -0.184114 1.30909 0.167595 
1.31007 -0.170415 1.29595 0.149625 
1.31429 -0.161903 1.28191 0.136247 
1.32013 -0.154747 1.27195 0.125978 
1.31632 -0.153373 1.25672 0.121573 
1.32083 -0.148367 1.24151 0.116568 
1.32627 -0.14181 1.22615 0.110967 
1.32516 -0.141737 1.21472 0.112372 
1.32071 -0.123802 1.20252 0.104351 
1.31932 -0.109908 1.20401 0.0956099 
1.31783 -0.110308 1.22198 0.0972952 
1.31617 -0.116696 1.2412 0.105346 
1.3098 -0.120525 1.25492 0.114676 
1.30185 -0.133208 1.27791 0.133228 
1.30278 -0.156141 1.31145 0.163236 
1.31013 -0.149499 1.32073 0.187122 
1.32354 -0.139846 1.33092 0.220055 
1.35526 -0.130686 1.3639 0.270964 
1.38173 -0.123351 1.3981 0.367967 
1.37906 -0.116393 1.42616 0.560199 
1.38904 -0.132815 1.46633 0.948834 
1.37484 -0.162235 1.50288 1.51588 
1.31965 -0.204814 1.51669 1.83578 
1.29555 -0.229546 1.54169 2.07649 
1.25373 -0.271523 1.53308 2.0857 
1.21697 -0.319152 1.54749 2.0857 
1.18462 -0.354839 1.53899 2.0857 
1.17542 -0.360833 1.53941 2.0857 
1.18546 -0.344621 1.54066 2.0857 
1.21246 -0.317421 1.54708 2.0857 
1.29439 -0.22372 1.5446 2.0857 
1.31029 -0.185736 1.5446 2.0857 
1.29544 -0.219812 1.5446 2.0857 
1.31795 -0.191554 1.5446 2.0857 
1.30565 -0.218536 1.54324 2.0857 
1.32411 -0.184075 1.5446 2.0857 
1.31523 -0.202624 1.50988 2.0857 
1.33356 -0.194778 1.49494 2.0857 
1.34221 -0.18553 1.48197 2.0857 
1.33977 -0.181592 1.47143 2.0857 
1.36684 -0.125999 1.50331 2.0857 
1.3423 -0.160601 1.50595 2.0857 
1.32929 -0.158704 1.50147 2.0857 
1.35898 -0.0909998 1.52989 2.0857 
1.36059 -0.0491344 1.5446 2.0857 
1.27932 -0.155283 1.51196 2.0857 
1.21101 -0.155231 1.49078 2.0857 
1.24672 -0.0913175 1.5446 2.0857 
1.27734 -0.0449707 1.5446 2.0857 
1.10738 -0.0672403 1.43525 2.0857 
1.03942 -0.0892055 1.36248 2.0857 
1.16164 -0.187361 1.47094 2.0857 
1.22043 -0.218116 1.5446 2.0857 
1.25267 -0.211847 1.5446 2.0857 
1.30434 -0.181089 1.5446 1.99546 
1.32736 -0.158582 1.51937 1.66609 
1.33875 -0.127734 1.47317 1.38999 
1.34829 -0.106852 1.45014 1.02444 
1.34001 -0.0984437 1.42829 0.681764 
1.3464 -0.0923217 1.39907 0.466741 
1.34946 -0.0983297 1.38395 0.355764 
1.34043 -0.100497 1.37422 0.288352 
1.32135 -0.09452 1.34279 0.23055 
1.29693 -0.0857112 1.31547 0.183139 
1.28245 -0.096653 1.29902 0.165088 
1.26701 -0.097813 1.28508 0.141505 
1.26525 -0.094979 1.27783 0.121424 
1.27162 -0.0943809 1.2731 0.108927 
1.27993 -0.0928959 1.26304 0.0981238 
1.27659 -0.0767814 1.24431 0.0807147 
1.2841 -0.0659166 1.22233 0.0664346 
1.28796 -0.0572679 1.20782 0.0563696 
1.28421 -0.0493217 1.19386 0.048289 
1.28052 -0.0454273 1.1816 0.0444211 
1.27652 -0.0372711 1.16811 0.0395609 
1.27475 -0.0321905 1.1541 0.0351055 
1.27002 -0.0216181 1.14183 0.0293914 
1.2645 -0.0157732 1.13381 0.027009 
1.25954 -0.0148691 1.12879 0.0281587 
1.25507 -0.0131243 1.13176 0.0284347 
1.25674 -0.0177183 1.13868 0.0361183 
1.24893 -0.0172286 1.1368 0.0400388 
1.23343 -0.0189501 1.14594 0.051049 
1.24532 -0.0385528 1.17786 0.0825466 
1.27636 -0.0626714 1.21593 0.126983 
1.31117 -0.0635019 1.25453 0.156653 
1.33595 -0.0835136 1.32302 0.223286 
1.35605 -0.08886 1.38404 0.312393 
1.36528 -0.103549 1.4358 0.505638 
1.34692 -0.154209 1.4939 0.832654 
1.32774 -0.179863 1.50017 1.2093 
1.2987 -0.206843 1.52735 1.72397 
1.26443 -0.237812 1.54171 2.02425 
1.22683 -0.277115 1.54033 2.0857 
1.19736 -0.31511 1.53578 2.0857 
1.18016 -0.334408 1.51001 2.0857 
1.13969 -0.384235 1.52711 2.0857 
1.132 -0.388543 1.54353 2.0857 
1.15066 -0.364732 1.53044 2.0857 
1.19969 -0.312951 1.51723 2.0857 
1.29231 -0.194396 1.5446 2.0857 
1.30173 -0.194027 1.54349 2.0857 
1.32949 -0.132701 1.5446 2.0857 
1.31977 -0.160723 1.51538 2.0857 
1.33784 -0.1198 1.4945 2.0857 
1.33581 -0.150053 1.48171 2.0857 
1.35796 -0.109336 1.50581 2.0857 
1.34215 -0.140233 1.45751 2.0857 
1.34869 -0.101943 1.45244 2.0857 
1.35164 -0.131625 1.44082 2.0857 
1.35038 -0.0886197 1.47332 2.0857 
1.35628 -0.0655472 1.50595 2.0857 
1.35465 -0.0564065 1.52733 2.0857 
1.35579 -0.10674 1.51211 2.0857 
1.34813 -0.123386 1.50054 2.0857 
1.3686 -0.0728557 1.51011 2.0857 
1.28158 -0.105767 1.45481 2.0857 
1.2739 -0.0339329 1.49541 2.0857 
1.16139 -0.0857621 1.45524 2.0857 
1.11313 -0.103707 1.45611 2.0857 
1.05544 -0.106594 1.44434 2.0857 
1.12941 -0.0347543 1.40285 2.0857 
1.23804 -0.00608454 1.47785 2.0857 
1.3019 0.0118826 1.50718 2.0857 
1.35807 -0.0061888 1.47681 2.0857 
1.30256 -0.12068 1.36402 2.0857 
1.31752 -0.139991 1.41706 1.66618 
1.34402 -0.134656 1.42835 1.26842 
1.36015 -0.119884 1.42042 0.869415 
1.36169 -0.128614 1.39108 0.578769 
1.34455 -0.139752 1.33639 0.423786 
1.32414 -0.151162 1.30356 0.341501 
1.31228 -0.15333 1.26911 0.27997 
1.28873 -0.15837 1.25168 0.238807 
1.27609 -0.151484 1.22996 0.197168 
1.26818 -0.142246 1.21011 0.164423 
1.26071 -0.132049 1.17415 0.135421 
1.2531 -0.113033 1.12785 0.107177 
1.25562 -0.0847227 1.09032 0.0749898 
1.2438 -0.0574498 1.05038 0.042621 
1.24335 -0.0536255 1.05032 0.0319717 
1.23374 -0.0219385 1.01407 0.00226407 
1.2225 0.00643962 0.981284 0.0236658 
1.2116 0.0349937 0.944316 0.0485587 
1.21117 0.0511698 0.938838 0.0596472 
1.2006 0.0690913 0.940663 0.0677434 
1.20298 0.0747223 0.947593 0.0659362 
1.20213 0.0822266 0.947136 0.0682504 
1.19976 0.0869016 0.93869 0.0687876 
1.19269 0.0940958 0.940468 0.0701214 
1.18835 0.0959548 0.939376 0.0702701 
1.17749 0.0997051 0.932858 0.071538 
1.16798 0.0929301 0.944929 0.0621916 
1.15175 0.091147 0.963874 0.0572628 
1.14569 0.0793993 0.983866 0.0423741 
1.14171 0.0567905 1.01508 0.0154332 
1.36094 -0.173102 0.927592 0.36146 
1.35733 -0.209025 1.00322 0.393286 
1.37996 -0.187886 0.988301 0.378197 
1.37 -0.172638 1.16252 0.392171 
1.34541 -0.189061 1.12882 0.409452 
1.31748 -0.186139 1.18164 0.378404 
1.32745 -0.198336 1.15926 0.369361 
1.36095 -0.170713 1.10743 0.349727 
1.3696 -0.135386 1.12533 0.345788 
1.32643 -0.108286 1.20154 1.20739 
1.39893 -0.136788 1.06586 0.674533 
1.39441 -0.13201 1.15551 0.284068 
1.30257 -0.129507 1.23545 0.318954 
1.31126 -0.156143 1.23526 0.34559 
1.27301 -0.12972 1.30411 0.228721 
1.25607 -0.170543 1.36404 0.438706 
1.2557 -0.18491 1.37452 0.483195 
1.2588 -0.186487 1.3573 0.519559 
1.38594 -0.150118 1.17829 0.576292 
1.41405 -0.144584 1.11615 0.497013 
1.44745 -0.107648 1.14749 0.659184 
1.43997 -0.122845 1.10366 0.549089 
1.44193 -0.127116 1.00029 0.502658 
1.3462 -0.129328 0.911209 0.353802 
1.30363 -0.10542 0.904061 0.289785 
1.26979 -0.0844977 0.888146 0.279111 
1.21332 -0.0707386 0.767801 0.424411 
1.14626 -0.0268791 0.722725 0.432765 
1.06962 0.0275512 0.701097 0.419956 
0.988039 0.0451163 0.744696 0.355418 
0.936652 -0.00707942 0.731611 0.400619 
0.917206 -0.0177362 0.744691 0.479305 
0.903758 -0.02107 0.783142 0.545534 
0.863637 -0.0540809 0.842857 0.650634 
0.816155 -0.08049 0.891537 0.705999 
0.799241 -0.0434488 0.878625 0.741572 
0.757853 -0.0273402 0.851809 0.789794 
0.704303 -0.0559649 0.881771 0.829479 
0.609041 -0.0974686 0.879231 0.844012 
0.48283 -0.103052 0.8656 0.84113 
0.383942 -0.0975489 0.84259 0.775126 
0.283575 -0.0555828 0.824032 0.852184 
0.270191 -0.0813702 0.887552 0.893298 
0.228897 -0.0818492 1.06925 0.732407 
0.137672 -0.177499 1.00375 1.22169 
0.217806 -0.100358 1.03159 1.16878 
0.403267 0.0651202 0.995027 0.813695 
0.152296 -0.0520843 0.930535 0.758405 
0.089012 -0.0923643 1.28737 1.01143 
0.0438017 -0.111034 1.26506 1.1405 
0.0127226 -0.14852 1.03631 1.33871 
-0.0254046 -0.184051 1.04039 1.40269 
-0.0808511 -0.23511 0.980006 1.37584 
-0.149002 -0.260934 0.938658 1.36472 
-0.199129 -0.261527 0.910443 1.35839 
-0.215218 -0.247688 0.859893 1.31236 
-0.216074 -0.250939 0.847936 1.30469 
-0.107119 -0.248998 1.05512 1.27003 
-0.150202 -0.240637 1.02489 1.24998 
-0.149363 -0.227828 1.00767 1.12842 
-0.0738278 -0.253888 1.08898 1.18414 
-0.0345524 -0.249683 1.0523 1.08696 
0.18154 -0.182224 1.15237 1.06377 
0.299669 -0.22804 1.28046 1.04888 
0.340655 -0.0685856 0.840156 0.70416 
0.401841 -0.0578417 0.807227 0.745061 
0.410832 -0.122205 0.783832 0.724422 
0.511364 -0.0564243 0.704843 0.648853 
0.567633 -0.117209 0.758088 0.730148 
0.550343 -0.085572 0.690697 0.48085 
0.705133 -0.0917809 0.695195 0.593294 
0.78814 -0.0897699 0.726617 0.756064 
0.938506 -0.112456 0.927392 1.00614 
0.953066 -0.118835 0.825365 0.914276 
0.968784 -0.0944602 0.744762 0.716307 
0.953613 -0.0840701 0.648223 0.557952 
0.961039 -0.0652495 0.545875 0.486017 
1.01547 -0.0619883 0.562641 0.43737 
1.02677 -0.0508034 0.524933 0.375552 
1.04501 -0.0451041 0.494258 0.276654 
1.1178 -0.0430308 0.474435 0.269617 
1.15497 -0.0737574 0.515754 0.28097 
1.17468 -0.0916188 0.54947 0.264737 
1.26854 -0.116543 0.635799 0.323448 
1.32795 -0.111276 0.513014 0.452206 
1.37199 -0.128806 0.553095 0.400627 
1.35655 -0.122711 0.539232 0.340576 
1.36231 -0.121481 0.588829 0.294006 
1.35579 -0.118509 0.634952 0.257272 
1.34807 -0.123289 0.632421 0.40066 
1.33737 -0.126787 0.662042 0.489102 
1.31952 -0.137457 0.719196 0.613584 
1.23498 -0.145998 0.71733 0.651031 
1.20476 -0.145242 0.791176 0.811901 
1.15039 -0.161621 0.857338 0.846645 
1.07807 -0.157895 0.839349 0.819936 
1.00278 -0.132205 0.839787 0.832306 
0.971686 -0.115044 0.877187 0.907768 
0.972533 -0.089553 0.874848 0.991559 
0.965471 -0.104616 0.935682 1.03462 
0.939764 -0.107656 0.960669 1.10141 
0.917569 -0.103604 0.966095 1.18096 
0.867617 -0.0809936 0.945812 1.19718 
0.867944 -0.079473 1.05997 1.35166 
0.74605 -0.102485 1.01373 1.18263 
0.61398 -0.0739502 0.895301 1.03447 
0.562697 -0.0598972 0.894265 0.861523 
0.506712 -0.0439644 0.844368 1.00109 
0.437116 -0.015565 0.807331 0.891898 
0.284604 0.00797408 0.671664 0.751005 
0.231384 -0.00729016 0.838829 0.687295 
0.143767 -0.0416326 0.856913 0.7047 
0.145659 -0.0390488 0.893867 0.751923 
0.252232 -0.160201 1.12987 0.983114 
0.254194 -0.12968 1.1134 0.953232 
0.235239 -0.128327 1.08621 0.975048 
0.249296 -0.11145 1.13999 1.03097 
0.262685 -0.0404298 0.975272 1.40878 
0.227188 -0.0230099 0.863272 1.11335 
0.195861 -0.0348846 0.888706 1.10611 
0.0972845 -0.057537 0.86275 1.07784 
0.0780217 -0.0764042 0.836025 1.06713 
0.0327835 -0.0952334 0.891091 1.17346 
-0.0841922 -0.181429 0.850096 1.15475 
-0.0321363 -0.227822 0.94799 1.28947 
-0.0500425 -0.290698 0.949657 1.36189 
-0.0564991 -0.370807 0.98814 1.48785 
-0.0489689 -0.359008 1.01372 1.48138 
-0.0724974 -0.370701 0.973803 1.46531 
-0.0482525 -0.380101 1.11483 1.41627 
-0.0537892 -0.383961 1.1343 1.40225 
-0.043357 -0.39724 1.1528 1.37677 
-0.0267884 -0.356944 1.08242 1.30761 
-0.0177501 -0.32731 1.03991 1.23301 
0.0356807 -0.231271 0.924816 1.09415 
0.145728 -0.198634 0.978629 1.07996 
0.186262 -0.214395 1.06294 1.07799 
0.220075 -0.213282 1.02196 0.927688 
0.234221 -0.151269 0.802069 1.04426 
0.240775 -0.142595 0.80501 0.894058 
0.285468 -0.134998 0.776093 0.796735 
0.358153 -0.0879127 0.76977 0.710328 
0.30947 -0.102242 0.666981 0.650911 
0.332022 -0.073649 0.599449 0.63586 
0.436309 -0.060832 0.65621 0.621335 
0.573782 -0.0811343 0.742541 0.693376 
0.658857 -0.0316488 0.713701 0.573746 
0.80337 -0.0567487 0.778722 0.880627 
0.856979 -0.0592295 0.7485 0.799759 
0.960452 -0.108114 0.833918 0.945352 
0.983438 -0.0933278 0.818233 0.979035 
0.995582 -0.0973093 0.747454 0.88095 
0.990267 -0.100097 0.680117 0.705836 
0.992855 -0.073622 0.584445 0.599229 
1.0171 -0.0624321 0.545005 0.515289 
1.07484 -0.0638426 0.560542 0.495727 
1.11982 -0.0644693 0.565393 0.497689 
1.17839 -0.078909 0.554358 0.515536 
1.19289 -0.092593 0.588158 0.42375 
1.19659 -0.10797 0.573805 0.366897 
1.17734 -0.132882 0.567375 0.310967 
1.2409 -0.141285 0.617905 0.345155 
1.3126 -0.13414 0.630678 0.401852 
1.37658 -0.118068 0.648592 0.41603 
1.4156 -0.130681 0.647787 0.359361 
1.37444 -0.191408 0.858557 0.439779 
1.38597 -0.180182 0.845245 0.476259 
1.39292 -0.176725 0.869137 0.446305 
1.39869 -0.171848 0.849985 0.468697 
1.4197 -0.132716 0.703391 0.445615 
1.38515 -0.153319 0.679897 0.568 
1.35179 -0.168481 0.711911 0.765961 
1.2813 -0.207443 0.728179 0.669017 
1.20829 -0.23324 0.79148 0.911792 
1.16926 -0.226187 0.822635 0.797033 
1.14769 -0.215941 0.86196 0.87583 
1.12449 -0.208377 0.879447 1.00021 
1.09682 -0.191392 0.925315 1.06075 
1.07995 -0.183591 0.981119 1.19692 
0.997045 -0.152615 0.916213 1.17032 
0.986053 -0.154934 0.943738 1.26849 
0.963762 -0.204427 0.987842 1.26723 
0.920998 -0.212508 1.00335 1.32056 
0.889569 -0.186242 1.06121 1.32732 
0.773804 -0.173132 1.02363 1.27347 
0.714043 -0.207278 1.04885 1.31636 
0.668612 -0.192444 1.0626 1.22228 
0.636277 -0.182491 1.08922 1.38884 
0.610146 -0.184882 1.09671 1.37852 
0.333981 -0.126274 0.799436 1.16609 
0.295943 -0.164006 0.885871 0.959028 
0.291637 -0.199263 0.894746 1.14824 
0.323412 -0.191603 0.967177 1.2243 
0.286109 -0.203179 0.979856 1.23348 
0.187463 -0.203529 0.919842 1.18347 
0.0956343 -0.167919 0.841655 1.09011 
0.0559334 -0.173008 0.827574 1.11845 
-0.0662008 -0.287502 0.857849 1.18183 
-0.0799774 -0.357045 0.907785 1.2658 
-0.0731873 -0.359201 0.915364 1.34442 
-0.0996319 -0.296282 0.882644 1.2607 
-0.146408 -0.25099 0.806669 1.16947 
-0.173232 -0.268029 0.947479 1.19926 
-0.157617 -0.247972 0.864632 1.26693 
-0.181188 -0.241149 0.823169 1.27657 
-0.201119 -0.255628 0.791263 1.32466 
-0.236894 -0.27357 0.816597 1.25485 
-0.230574 -0.287261 0.808624 1.22918 
-0.256098 -0.304571 0.922025 1.24269 
-0.340254 -0.300715 0.853554 1.19575 
-0.304691 -0.309688 0.756397 1.15556 
-0.295132 -0.327088 0.869691 1.24 
-0.284959 -0.332592 0.888414 1.26454 
-0.265031 -0.335285 0.904739 1.27574 
-0.259072 -0.339536 0.866713 1.23677 
-0.160104 -0.361739 0.96277 1.25437 
-0.129655 -0.365271 0.968399 1.18787 
-0.113435 -0.393198 0.989046 1.18501 
-0.0806247 -0.39232 0.798866 1.08576 
0.0863754 -0.2737 0.805044 1.01795 
0.248253 -0.236485 0.978261 1.04664 
0.314538 -0.227921 1.03979 1.09195 
0.327352 -0.189474 0.871747 1.17462 
0.350999 -0.135022 0.782044 1.07873 
0.345834 -0.136923 0.761758 1.05578 
0.354458 -0.143177 0.718956 0.972637 
0.369696 -0.126796 0.695842 0.902091 
0.424771 -0.0735486 0.677421 0.763646 
0.448362 -0.09091 0.712135 0.781278 
0.449206 -0.100598 0.735011 0.641824 
0.506962 -0.095833 0.717671 0.670921 
0.595368 -0.11391 0.735185 0.714087 
0.690325 -0.126016 0.770612 0.803829 
0.837805 -0.192961 0.871555 0.972007 
0.922147 -0.198657 0.904945 0.999457 
0.992457 -0.165677 0.874734 1.0196 
1.01663 -0.146488 0.840804 0.961508 
1.04809 -0.108424 0.776318 0.987487 
1.07465 -0.0971306 0.776063 0.960621 
1.08712 -0.0914565 0.746967 0.799725 
1.07555 -0.0984866 0.676576 0.782266 
1.08274 -0.0970202 0.653301 0.692641 
1.13308 -0.0814655 0.715342 0.793757 
1.1788 -0.113427 0.755525 0.774641 
1.2178 -0.153006 0.854521 0.70399 
1.22576 -0.152644 0.818129 0.691246 
1.21542 -0.168845 0.800862 0.621845 
1.21798 -0.161987 0.780515 0.56555 
1.22651 -0.175051 0.764026 0.540435 
1.27421 -0.175616 0.805264 0.598273 
1.28263 -0.161158 0.833117 0.574922 
1.29742 -0.161265 0.830547 0.641958 
1.31395 -0.158537 0.900296 0.725645 
1.3137 -0.159652 0.977252 0.466538 
1.31237 -0.163466 0.955572 0.872235 
1.32533 -0.162416 1.0368 0.930408 
1.32632 -0.157024 1.08769 0.882796 
1.25456 -0.106157 0.97249 0.703169 
1.21726 -0.0834057 0.92932 0.600573 
1.21049 -0.0835114 0.933344 0.510297 
1.18635 -0.08996 0.958536 0.455295 
1.15158 -0.0562238 0.942538 0.361287 
1.13082 -0.0342303 0.918281 0.278908 
1.12403 -0.0168333 0.900182 0.209805 
1.09743 -0.00918772 0.913818 0.182454 
1.11028 -0.0277341 0.944142 0.168685 
1.12215 -0.0304948 0.980401 0.159976 
1.12639 -0.027216 0.983887 0.145255 
1.11531 -0.030376 1.00376 0.138503 
1.12883 -0.0497929 1.02121 0.136958 
1.14403 -0.0666992 1.04785 0.141894 
1.12057 -0.0598827 1.02843 0.129396 
1.10496 -0.0431031 0.983808 0.107253 
1.04326 -0.00710928 0.933577 0.0778979 
1.05488 -0.0241188 0.954103 0.0953949 
1.04907 -0.0304634 0.901978 0.102844 
1.05378 -0.0419813 0.970564 0.116581 
1.03308 -0.0599227 1.0329 0.142797 
1.02608 -0.0932152 1.04777 0.199443 
1.03297 -0.0730362 1.00529 0.21443 
1.05627 -0.0543885 1.02869 0.23021 
1.04449 -0.0839316 1.08844 0.298298 
1.06449 -0.0595427 1.07191 0.370906 
1.07184 -0.0686219 1.11466 0.524855 
1.17241 -0.141526 1.2607 0.808347 
1.21456 -0.173253 1.41898 0.421013 
1.23447 -0.180221 1.46335 0.49278 
1.32256 -0.216478 1.50201 1.55647 
1.34558 -0.212779 1.5446 1.90337 
1.35287 -0.203369 1.5446 2.0857 
1.33557 -0.207327 1.52646 2.0857 
1.3181 -0.250118 1.5446 2.0857 
1.28871 -0.275324 1.5446 2.0857 
1.2746 -0.289221 1.54347 2.0857 
1.27123 -0.290227 1.50693 2.0857 
1.27715 -0.280836 1.4479 2.0857 
1.30316 -0.24945 1.36897 2.0857 
1.34732 -0.222828 1.45582 2.0857 
1.34633 -0.223237 1.38866 2.0857 
1.34225 -0.223127 1.33915 2.0857 
1.34982 -0.218696 1.28395 2.0857 
1.35715 -0.21349 1.33536 2.0857 
1.29807 -0.260962 1.4442 2.0857 
1.27469 -0.27678 1.44697 2.0857 
1.30821 -0.262199 1.38618 2.0857 
1.32784 -0.242094 1.32004 2.0857 
1.32879 -0.237089 1.26258 2.0857 
1.33169 -0.236387 1.27143 2.0857 
1.33238 -0.236605 1.26048 2.0857 
1.33374 -0.234968 1.27834 2.0857 
1.33745 -0.229211 1.34557 2.0857 
1.34109 -0.224987 1.37521 2.0857 
1.34718 -0.217317 1.44642 2.0857 
1.34285 -0.221924 1.4952 2.0857 
1.35025 -0.218756 1.5446 2.0857 
1.34147 -0.221537 1.5446 2.0857 
1.33412 -0.230183 1.5446 2.0857 
1.3329 -0.210026 1.5446 2.04637 
1.34493 -0.218165 1.5446 1.9131 
1.34495 -0.225591 1.5446 1.64484 
1.31563 -0.252217 1.5446 1.48143 
1.32936 -0.237606 1.5446 1.2833 
1.37474 -0.180522 1.54747 0.89346 
1.37609 -0.151447 1.46199 0.631053 
1.3589 -0.154626 1.45246 0.485073 
1.3308 -0.0846217 1.2803 0.337907 
1.25487 -0.0357475 1.19504 0.257168 
1.16205 -0.033995 1.13058 0.195804 
1.15987 -0.037912 1.14819 0.190908 
1.13957 -0.0390478 1.12836 0.171026 
1.15453 -0.0461737 1.12933 0.159432 
1.16809 -0.0404771 1.14696 0.137935 
1.17353 -0.0412235 1.12761 0.124841 
1.16751 -0.0372545 1.13804 0.109491 
1.15753 -0.0348419 1.08691 0.104912 
1.1603 -0.0432704 1.09318 0.105666 
1.15777 -0.039335 1.12787 0.110805 
1.15385 -0.036648 1.12645 0.115503 
1.15061 -0.0352889 1.11947 0.125364 
1.13743 -0.0305591 1.12235 0.139633 
1.12859 -0.0192384 1.15203 0.171435 
1.13375 -0.0162725 1.15283 0.116772 
1.14203 -0.0257641 1.18153 0.132844 
1.13879 -0.041282 1.19786 0.168281 
1.16196 -0.0947787 1.28387 0.247235 
1.18561 -0.115377 1.32955 0.303327 
1.24974 -0.154163 1.40223 1.34528 
1.26873 -0.168236 1.51182 0.516361 
1.2916 -0.21857 1.5446 0.622957 
1.31442 -0.230816 1.5446 0.751521 
1.34153 -0.223106 1.5446 2.0857 
1.32915 -0.241645 1.5446 2.0857 
1.32396 -0.246837 1.5446 2.0857 
1.32712 -0.232529 1.49678 2.0857 
1.33825 -0.200494 1.43925 2.0857 
1.33042 -0.182529 1.41496 2.0857 
1.34367 -0.175003 1.37078 2.0857 
1.35452 -0.195838 1.3775 2.0857 
1.34384 -0.219671 1.3773 2.0857 
1.33399 -0.22272 1.3052 2.0857 
1.32394 -0.237003 1.24902 2.0857 
1.3156 -0.240488 1.23562 2.0857 
1.3197 -0.237483 1.2387 2.0857 
1.31317 -0.256148 1.29479 2.0857 
1.31258 -0.257419 1.30907 2.0857 
1.3158 -0.25004 1.28565 2.0857 
1.30162 -0.260698 1.23487 2.0857 
1.30381 -0.262387 1.31039 2.0857 
1.30404 -0.26293 1.32972 2.0857 
1.31103 -0.258711 1.38038 2.0857 
1.3168 -0.25144 1.39971 2.0857 
1.31987 -0.250432 1.51087 2.0857 
1.30415 -0.264311 1.49565 2.0857 
1.29858 -0.26845 1.5446 2.0857 
1.30078 -0.266774 1.5446 2.0857 
1.31191 -0.257703 1.5446 2.0857 
1.31126 -0.257509 1.5446 2.0857 
1.31482 -0.253454 1.5446 1.56764 
1.32851 -0.242235 1.5446 1.59939 
1.37571 -0.18171 1.5446 0.988313 
1.37489 -0.181813 1.51137 0.648359 
1.37948 -0.121109 1.41319 0.655907 
1.3403 -0.069844 1.28857 0.452267 
1.26801 -0.0457174 1.17714 0.35145 
1.19247 -0.0322657 1.08782 0.270996 
1.16125 -0.0105871 1.05358 0.220674 
1.14762 -0.00913316 0.998166 0.185479 
1.12088 0.0177777 0.978088 0.134353 
1.13786 0.00681451 0.989858 0.119893 
1.12852 0.0209608 0.964155 0.104159 
1.15122 -0.00653456 0.98502 0.114799 
1.10389 -0.036697 0.96859 0.119011 
1.09953 -0.0234726 0.931954 0.0931822 
1.09934 -0.0253264 0.900354 0.0834153 
1.10206 -0.0228168 0.890275 0.0817928 
1.11256 -0.0215453 0.880399 0.0821923 
1.12776 -0.0243579 0.874994 0.086291 
1.18821 -0.0301079 0.938074 0.1025 
1.17535 -0.0185881 0.941505 0.101366 
1.14946 -0.0299296 0.926658 0.113361 
1.14697 -0.0338865 0.908338 0.127625 
1.14497 -0.0324773 0.933685 0.141271 
1.10232 -0.0367079 0.914957 0.145168 
0.995637 -0.0800314 0.878996 0.192999 
1.02631 -0.0805293 0.916612 0.228125 
1.11147 -0.0456319 1.0004 0.246129 
1.19545 -0.0925731 1.17633 0.356332 
1.22781 -0.110692 1.27324 0.448049 
1.26768 -0.105341 1.3003 0.624564 
1.2725 -0.0882991 1.33045 0.686719 
1.36752 -0.0862412 1.42825 0.902397 
1.33083 -0.165759 1.50623 0.980768 
1.32368 -0.231936 1.5446 1.24699 
1.30217 -0.26232 1.5446 1.46789 
1.29749 -0.271599 1.5446 1.83308 
1.29318 -0.273326 1.46586 2.0857 
1.29244 -0.268915 1.50263 2.0857 
1.29889 -0.26475 1.44268 2.0857 
1.30215 -0.255067 1.47278 2.0857 
1.30634 -0.253368 1.42829 2.0857 
1.31573 -0.248736 1.39364 2.0857 
1.31866 -0.249252 1.30878 2.0857 
1.32679 -0.243515 1.25741 2.0857 
1.33928 -0.230951 1.23617 2.0857 
1.36373 -0.202966 1.24391 2.0857 
1.36671 -0.196857 1.16596 2.0857 
1.37362 -0.187021 1.17359 2.0857 
1.36879 -0.190876 1.2653 2.0857 
1.36944 -0.190825 1.3396 2.0857 
1.36825 -0.188225 1.29 2.0857 
1.36362 -0.195642 1.32241 2.0857 
1.36637 -0.197391 1.31148 2.0857 
1.38531 -0.17023 1.3331 2.0857 
1.3827 -0.182631 1.32599 2.0857 
1.38144 -0.18912 1.36658 2.0857 
1.35465 -0.189854 1.38111 2.0857 
1.27488 -0.255523 1.31728 2.04529 
1.25028 -0.29148 1.19612 1.64531 
1.19823 -0.286883 1.20263 1.75083 
1.20451 -0.269456 1.17122 1.67836 
1.22347 -0.259604 1.10287 1.6631 
1.25032 -0.251368 1.01538 1.54969 
1.27449 -0.26593 0.903629 1.28635 
1.27459 -0.271984 0.862923 1.21657 
1.26636 -0.275002 0.844893 1.21507 
1.25267 -0.282046 0.834038 1.23712 
1.25349 -0.278141 0.841762 1.29212 
1.25021 -0.275661 0.827726 1.35436 
1.24335 -0.2769 0.823509 1.44247 
1.22809 -0.286961 0.825666 1.45419 
1.21422 -0.296542 0.819934 1.45471 
1.20493 -0.303483 0.816992 1.48077 
1.19762 -0.303026 0.807523 1.52577 
