-0.766495 -3.80214 0 
1.0145 3.94522 -5 
0.71994 0.412109 5 
-2.5863 -4.42537 0 
1.83038 2.1302 0 
-0.438126 1.13014 0 
-2.43251 0.118637 0 
2.149 -1.60141 0 
0.0710449 -0.563141 0 
1.6106 -1.4174 0 
-2.13791 2.68935 0 
2.67088 -1.63698 0 
-1.34044 -2.07254 0 
0.993576 -3.64372 0 
-2.47453 -8.5565 11 
3.35486 -3.694 -5 
-3.2095 -9.40335 10 
1.26143 -7.46326 0 
0.692032 -9.83655 6 
-1.35188 -13.1837 11 
2.51694 -15.4729 5 
1.3356 -13.5312 6 
-2.37961 -12.9656 11 
0.0610199 -15.1161 12 
-0.380341 -7.30707 6 
-0.54718 -5.784 6 
-2.72552 -0.539551 -6 
-2.78065 8.02386 -6 
-6.13084 21.6092 -6 
-2.77026 30.9951 -23 
-2.51657 37.2581 -22 
-3.52621 45.9117 -21 
-3.1255 53.776 -26 
2.30758 57.9836 -15 
-7.21484 53.2298 -15 
-0.305641 47.9409 -9 
-0.0735168 51.0983 0 
3.29437 51.1734 -10 
3.17352 45.7379 0 
2.84155 46.8254 10 
2.44735 40.5553 9 
3.98647 42.5521 5 
6.79868 33.1596 10 
5.06551 33.0576 20 
-2.12431 23.2975 5 
7.95879 28.7672 21 
2.75203 20.1624 11 
9.9985 44.2723 104 
0.0932312 12.5855 0 
-0.397263 9.77145 6 
-6.90977 -16.5471 -71 
0.904678 6.10815 11 
-1.67271 0.364288 6 
6.13872 23.9698 73 
-4.9861 -12.6844 -12 
-5.7058 -23.2315 -55 
2.08086 -8.92462 0 
0.0759277 -4.64795 30 
-7.33977 -35.3144 -65 
1.68961 -1.58154 71 
-1.87411 -25.3268 -6 
-3.33745 -29.9573 -6 
-10.856 -53.4599 -113 
-3.48151 -37.4328 -10 
-6.71463 -46.0754 -5 
-3.98524 -45.0498 0 
-5.0206 -45.8415 0 
-3.36253 -47.4089 0 
-4.42268 -47.6624 5 
-2.54514 -45.582 10 
-3.8228 -48.8424 11 
6.23272 -43.7516 5 
-0.304405 -47.8647 22 
-1.29304 -45.4744 22 
3.74023 -46.1501 23 
-0.839836 -40.258 24 
4.13076 -38.4557 30 
7.82149 -41.9083 39 
6.05175 -31.3312 20 
4.81961 -23.9197 28 
5.4259 -20.4992 14 
3.90704 -23.1723 29 
8.03175 -13.3486 15 
5.38564 -16.0316 16 
7.73488 -14.031 23 
5.9938 -6.29053 8 
5.57567 -6.85693 8 
3.88721 -5.19727 17 
2.33458 0.963928 0 
0.85939 -0.422363 0 
-7.87791 4.57953 -9 
-0.413986 1.73517 -8 
-6.34129 9.35742 -16 
-9.44511 15.6538 -31 
-7.75797 19.3181 -30 
-11.5225 29.1737 -36 
-9.59297 42.6874 -41 
-11.5144 42.7262 -33 
-9.58981 54.7412 -49 
-6.6183 56.3149 -30 
-4.12978 59.6206 -33 
-2.69273 60.2241 -22 
-11.3297 54.4124 -5 
4.25976 61.7102 -16 
1.83199 48.6256 -10 
3.94521 49.4237 0 
5.60469 45.3251 -5 
7.20768 43.7831 0 
7.75127 35.4727 5 
5.26644 34.8397 10 
7.77623 32.4239 0 
3.67591 31.6537 11 
3.90274 20.0795 5 
3.8159 22.3143 16 
5.71727 16.999 5 
1.00532 17.7979 6 
3.55152 15.7193 16 
1.75256 8.45636 0 
0.104462 15.3177 23 
8.06049 27.4051 79 
1.22002 -2.26199 -12 
1.22607 -7.21295 0 
-7.00922 -24.5578 -90 
-1.74263 -14.1164 0 
6.11766 14.5335 83 
-10.3867 -44.4655 -105 
-1.41119 -20.0043 -5 
-7.83217 -24.5614 -21 
-1.53094 -25.0826 -6 
-4.52866 -30.9724 -10 
-4.925 -37.3856 -15 
-7.96747 -39.7297 0 
-8.20851 -39.0393 0 
-6.53525 -41.9917 0 
-2.49326 -46.3488 0 
-3.22005 -35.5989 0 
-4.27966 -39.5018 15 
-7.04652 -50.3658 16 
-0.647133 -40.1874 16 
-0.369339 -43.4181 16 
9.55423 -38.6208 22 
1.55799 -38.185 17 
2.05496 -37.4265 24 
4.37524 -35.3454 24 
2.88464 -28.6042 19 
6.57349 -33.5338 26 
5.9063 -24.7493 13 
7.54356 -26.5981 20 
6.33203 -14.9165 0 
4.28798 -24.4626 28 
6.3224 -17.7267 22 
2.95871 -2.99435 7 
7.79608 -26.5211 38 
7.80598 -5.93878 7 
2.24059 -4.98111 16 
4.3938 -7.34253 8 
0.901352 -3.65936 16 
4.98187 0.338074 9 
5.58557 -1.36609 8 
2.87831 7.38892 0 
-6.77957 -8.71014 0 
-2.34755 2.50482 0 
-0.309235 5.24841 0 
-4.98051 5.28268 -8 
-9.25656 7.88342 -25 
-7.95593 13.6671 -24 
-10.0346 10.7083 -30 
-8.24186 12.9337 -15 
-10.7493 30.6904 -36 
-12.4314 34.5043 -41 
-9.26971 46.5201 -39 
-10.2005 54.04 -37 
-8.33711 61.3096 -36 
-13.7217 54.8228 -17 
-4.05768 64.2793 -22 
2.18542 63.6262 -21 
6.54129 58.1204 -11 
4.1866 49.5933 -10 
8.01705 46.1106 -10 
7.47466 42.9266 5 
10.3634 39.8449 5 
7.37638 33.8841 5 
5.27843 28.4597 5 
2.92216 26.592 16 
1.36098 24.2813 6 
5.89124 21.5368 10 
1.92905 20.0673 11 
6.38783 42.3759 120 
2.03145 12.295 -7 
4.91698 15.5558 14 
-5.9404 -13.5688 -93 
10.5301 29.71 106 
-0.764519 3.34628 0 
-1.46239 -3.39697 -7 
-2.94467 5.95004 0 
-3.18991 -10.5738 -20 
-5.93021 -33.782 -90 
-3.85691 -14.3198 -6 
-3.64191 -18.1917 -6 
-2.91974 -22.9106 -16 
-5.58073 -30.7892 -16 
-6.39503 -35.5443 -11 
-8.79409 -36.9069 -5 
-6.76966 -45.411 -6 
-5.93046 -50.0852 0 
-3.08081 -49.8616 -5 
0.248528 -44.4263 5 
-0.0447006 -45.9758 11 
-12.3118 -58.4806 16 
11.8835 -44.8212 11 
-0.0316315 -49.9219 22 
3.97759 -46.2224 23 
2.01187 -44.0868 30 
3.87968 -38.5712 31 
5.72912 -33.5865 19 
5.79954 -37.7855 26 
3.20865 -25.193 21 
7.01574 -27.6146 28 
5.57855 -16.8651 7 
2.13921 -12.8835 15 
6.40097 -12.6017 15 
6.81448 -14.1927 23 
6.51257 -6.58273 15 
4.25867 -5.08517 16 
6.56903 -9.61063 16 
3.26944 -6.11099 17 
11.7744 0.613098 25 
0.614594 -1.40686 0 
1.28395 1.55402 0 
-1.3027 -3.69745 0 
-0.729279 1.44586 0 
-13.1432 16.3208 -25 
1.38898 -0.170624 -8 
-7.04996 10.6618 -33 
-14.1869 4.7244 -23 
-9.40537 14.6215 -38 
-10.3395 21.153 -36 
-10.5928 35.2456 -35 
-11.2355 33.8555 -39 
-9.69756 49.6099 -43 
-7.36744 53.6288 -36 
-7.06472 60.5866 -33 
-1.65396 61.9081 -27 
-9.41328 53.3462 -5 
10.1301 65.8314 -31 
8.15259 55.4445 -10 
1.52683 44.3475 0 
6.75734 42.7631 0 
13.8569 41.8838 0 
8.27281 63.4424 185 
2.39951 7.91829 -165 
6.59338 31.3227 10 
2.89386 25.4692 5 
2.31673 23.4627 16 
3.18473 13.5483 0 
1.81487 16.1707 11 
9.97776 36.8604 110 
-3.82697 -14.4747 -94 
0.0945435 8.10336 0 
4.39001 4.27515 0 
-0.494751 2.03098 0 
0.97319 -1.00131 0 
0.400848 -6.32324 0 
-1.25513 -0.655884 -5 
-2.56612 -6.01385 0 
-2.39851 -10.1326 -11 
-1.97358 -10.7297 -11 
-4.2884 -12.3419 -5 
-4.03247 -14.3965 0 
0.437202 -19.1645 -16 
-8.83442 -21.1385 -5 
-6.58939 -26.7422 0 
-2.87667 -30.5894 -15 
-7.61572 -35.7521 0 
-5.63534 -39.1129 0 
-8.85564 -39.9837 5 
-5.24635 -46.2931 10 
-2.47823 -44.2713 10 
1.92308 -38.6448 11 
-10.7291 -53.919 21 
0.99604 -51.438 28 
7.91431 -40.8061 17 
2.54283 -42.1558 18 
2.58917 -41.7804 24 
5.85771 -38.5848 25 
5.92571 -31.726 12 
5.84916 -31.7749 27 
5.21292 -26.3774 6 
5.34166 -24.814 28 
6.12917 -11.9641 14 
7.28879 -20.3148 22 
3.60388 -9.04782 22 
7.06818 -15.724 23 
14.6662 -6.71429 31 
-2.88255 -6.59531 8 
10.2158 -5.17276 17 
0.604523 -3.99713 0 
4.90747 -8.89594 16 
6.52419 0.886292 9 
1.33809 -3.02124 0 
-2.95177 3.56943 -9 
-0.736542 8.46512 -8 
-4.09093 8.55115 -25 
-11.0408 1.26889 -24 
-9.41056 16.7828 -38 
-12.5744 21.5533 -37 
-4.30435 39.1289 -35 
-9.73296 41.6134 -40 
-19.7736 25.8299 -32 
-8.30524 53.4551 -42 
-9.65299 46.6307 -18 
-3.8418 57.6866 -33 
-4.60566 53.0003 -16 
-1.67476 50.3611 -11 
1.85698 50.375 -16 
0.62307 41.0704 0 
5.84234 44.5906 -10 
20.5177 61.996 268 
6.81832 45.131 -36 
5.16364 37.8826 -34 
6.57284 35.2127 -27 
1.58593 34.9803 -19 
9.4826 31.1942 -6 
6.86867 25.3459 6 
8.53132 29.141 0 
8.88055 23.8314 13 
4.29121 11.8534 -6 
-4.88388 -9.44858 -90 
10.1227 19.3039 65 
3.00867 13.3145 25 
-6.66866 -14.8619 -84 
0.973297 2.2359 6 
1.38704 -5.04868 0 
8.04909 18.2774 78 
-9.89311 -30.2579 -84 
-2.79958 -11.3742 -11 
-3.34911 -7.0675 0 
-2.98602 -14.8069 -11 
-3.00618 -14.9905 -6 
-6.28746 -17.7508 -16 
-5.67458 -22.9407 -5 
-6.92956 -27.8757 -11 
-7.95004 -29.0503 0 
-2.84541 -32.7454 -5 
-6.46833 -36.7 0 
-7.43183 -41.3128 0 
-12.9987 -87.7913 21 
-5.77556 -41.6613 0 
-0.115532 -44.6307 0 
-1.70084 -49.4495 16 
-2.7287 -49.2228 17 
-1.89523 -47.1501 28 
-1.18827 -38.526 18 
1.43986 -43.1491 30 
1.90855 -35.7881 19 
6.10701 -32.0511 26 
5.65442 -29.7306 26 
7.99097 -26.3875 28 
6.74669 -24.8297 21 
3.66991 -0.943939 -21 
6.91876 -13.6467 14 
13.5704 -20.2226 15 
6.76736 -4.45468 22 
1.81393 -9.17334 23 
14.7603 -6.51462 47 
2.29665 -13.5653 17 
2.62541 -2.57025 0 
2.72591 -4.79971 17 
0.901993 0.74411 8 
1.15247 -8.70712 9 
0.527054 1.91684 0 
-0.571213 -1.31216 0 
-0.462524 1.59509 0 
-6.6933 3.47333 0 
2.82904 0.200745 -9 
-7.2692 -0.930115 -8 
-0.768524 7.36734 -17 
-9.60952 16.799 -33 
-13.2646 18.3477 -31 
-4.72992 9.20218 -38 
-6.72489 32.3221 -43 
-8.00665 33.7844 -34 
-17.4713 5.68289 -20 
-8.26862 43.5828 -32 
-8.00402 47.4788 -24 
-7.82981 47.8887 -24 
-1.93043 50.9858 -23 
-0.182388 53.6941 -28 
0.0824547 48.3883 -21 
2.03226 49.4148 -16 
1.16492 43.0089 -10 
3.37356 35.4797 -10 
3.64165 37.189 0 
7.89765 36.2286 -5 
7.32144 32.2718 0 
1.69384 30.3184 5 
4.3431 23.1267 5 
6.4446 24.4632 5 
0.361343 21.5819 10 
3.7515 17.7076 0 
2.27346 18.549 11 
4.83424 16.5106 5 
1.77054 11.6924 11 
4.09669 13.9183 0 
2.72974 13.0729 5 
3.23492 9.53888 5 
3.55721 10.2133 6 
0.701088 5.61548 0 
3.64017 9.60892 11 
1.19511 6.54434 -6 
2.79292 6.79977 6 
2.09766 8.12784 5 
0.472336 3.35898 0 
1.75459 5.5451 6 
1.9784 5.14651 6 
0.238297 3.96844 0 
1.05756 1.42737 0 
0.0215302 1.27179 11 
8.17974 14.7077 79 
-10.8142 -28.5873 -90 
4.29382 16.5708 90 
-10.7953 -37.3096 -96 
-1.71326 -16.654 0 
-4.38765 -21.7056 -22 
4.13963 8.75595 112 
-10.3004 -46.5878 -118 
-5.46853 -18.0966 -10 
-3.09561 -22.5929 -6 
-4.57314 -22.4882 -5 
-3.37939 -22.0795 -5 
-4.19659 -23.8483 0 
-3.29456 -24.1211 -11 
-0.875427 -19.6542 0 
-7.39836 -25.0781 -5 
-2.1601 -23.3742 5 
-7.02116 -24.3307 5 
-4.36934 -22.7398 6 
0.533638 -21.2394 -11 
-4.94266 -20.164 5 
-1.49853 -22.0303 6 
-5.98764 -19.7381 5 
1.69286 -15.4598 0 
-2.74534 -20.7555 11 
-2.66822 -16.0622 10 
1.05302 -15.4723 0 
-0.280914 -16.8843 6 
-0.949791 -13.7246 11 
-1.93822 -13.7529 5 
2.22586 -14.0117 6 
0.198269 -15.6039 6 
-0.671425 -15.1647 5 
-0.654202 -17.9597 12 
-0.854015 -17.732 12 
1.39686 -15.2662 6 
2.37666 -17.2112 12 
1.97116 -18.4421 12 
0.611 -18.4886 12 
1.59181 -19.2328 13 
5.21476 -18.4724 13 
2.54433 -23.0459 13 
6.72898 -23.0843 20 
4.67025 -16.8358 14 
5.69043 -17.1364 21 
6.55469 -19.5355 29 
6.84253 -15.1729 7 
1.00717 6.82568 -43 
7.50974 -20.2637 21 
9.13992 -9.48727 22 
1.51614 -4.61197 8 
6.96107 -11.7932 15 
6.91606 5.21115 8 
2.82603 -13.867 23 
8.62012 0.669983 8 
-4.64326 6.45523 8 
1.65717 -2.84503 8 
9.54158 -10.0011 9 
-2.59004 -2.48453 8 
3.1796 3.27689 0 
2.71568 -4.52133 8 
-0.628693 -2.29147 0 
-0.983566 1.76657 9 
-6.04593 -0.354858 -9 
7.14095 -5.55035 9 
-5.17477 2.64752 0 
2.75426 -0.443604 0 
-0.969345 5.75882 -9 
-0.927933 -1.84134 -8 
0.198349 0.579712 -8 
-3.04381 0.981934 0 
-4.6797 7.04565 -17 
-2.23821 4.16144 -8 
-3.1898 -3.36627 -24 
-3.62511 13.6572 -7 
-10.2381 -1.98642 -16 
-2.17825 2.73666 -7 
-6.89682 10.0762 0 
-6.21671 13.6718 -30 
-5.47543 10.077 -14 
-6.73999 21.22 -28 
-7.03022 9.31161 -14 
-4.83491 18.0811 -33 
-2.41781 4.33963 33 
-3.75407 13.3924 -6 
-4.39351 16.0374 -7 
-4.59251 16.5835 -13 
-3.33316 14.7628 -13 
-3.17067 17.8416 -19 
-3.04507 14.1599 -6 
-3.35461 12.6302 -6 
-2.35904 15.1266 -12 
-2.93307 14.7623 -6 
-2.05124 15.0147 -6 
-2.45583 15.499 -12 
-2.17483 13.9202 -12 
-2.23785 16.6804 -11 
-2.02155 12.8693 0 
-1.21487 15.6392 -6 
-2.63344 15.5766 -11 
0.233675 17.6628 -11 
-0.653708 15.2565 -5 
0.0681229 15.7305 -5 
-0.363588 16.1763 -6 
0.254086 11.4257 -5 
3.66668 18.4424 -11 
-1.76658 11.6246 -5 
-1.49654 16.8283 -5 
-1.69073 16.1813 0 
-3.26442 9.43845 0 
0.535042 14.5846 0 
0.209803 9.65131 0 
1.60176 17.2776 0 
-1.24279 10.7085 0 
1.2782 12.8448 0 
-0.661455 10.8213 -5 
-2.21886 10.1149 5 
1.83343 11.9882 0 
-1.24802 8.8303 0 
2.73797 10.7166 0 
-1.6991 9.36847 5 
1.35153 10.5276 0 
0.869919 8.4688 0 
3.04226 6.69225 -5 
1.5984 6.96805 0 
4.03768 8.46016 0 
0.0875168 7.04897 5 
1.21574 8.17331 -5 
3.73112 5.61896 0 
-0.33095 8.83849 5 
7.06367 6.5071 -5 
1.70498 8.11974 0 
1.88571 10.5939 5 
1.62482 8.48616 5 
3.01739 10.4322 -5 
1.01212 10.2507 5 
9.76233 6.42181 0 
4.00517 10.7793 0 
1.19812 4.85843 0 
2.33345 6.41495 -5 
1.31682 6.52054 5 
3.7767 7.16293 11 
2.39168 5.96451 0 
1.79096 5.40341 0 
1.39081 4.92322 0 
0.347023 2.79779 0 
3.15963 4.10379 5 
1.22569 8.90366 11 
1.10174 1.62595 -5 
1.22107 5.43845 5 
3.50516 0.366547 -5 
-1.589 3.22797 0 
1.77589 3.84872 10 
0.684441 0.103973 -5 
-0.969643 1.62796 0 
6.3901 30.825 123 
-6.34691 -28.873 -112 
1.88842 1.22092 0 
-0.803993 -0.62265 -6 
4.54517 21.3767 99 
-9.46813 -33.295 -99 
-1.55852 -9.00897 0 
-0.508842 -12.9301 -10 
-3.21573 -11.8269 0 
-2.33733 -17.5981 -11 
-4.73598 -17.4378 -5 
-0.392586 -17.191 -6 
-8.66206 -22.8027 -5 
-0.163498 -23.3825 0 
-7.77992 -25.7251 5 
-6.08834 -23.7266 -5 
-2.60132 -25.546 0 
-6.27718 -24.937 5 
-3.30925 -24.3946 6 
-0.582817 -22.5271 -6 
-3.34733 -23.2793 6 
-0.68759 -21.1324 5 
-2.45373 -19.2284 0 
2.25769 -19.6318 0 
0.198204 -16.2383 5 
-3.15376 -19.1326 16 
0.66003 -14.45 0 
-0.0862083 -18.5498 6 
0.840786 -19.5837 11 
0.951685 -20.59 5 
-1.83085 -18.8011 6 
1.10859 -24.8188 17 
1.45703 -17.6345 6 
2.95495 -21.0368 18 
0.897709 -21.8079 6 
2.84835 -19.5223 12 
3.43653 -16.9904 12 
1.72532 -20.8279 13 
4.50895 -14.7842 12 
4.60575 -15.769 14 
3.59922 -15.8477 13 
3.99058 -13.0049 6 
4.46299 -15.6548 14 
3.34151 -15.054 14 
4.4744 -13.8965 14 
3.00885 -11.7652 7 
6.95601 -13.0791 15 
2.13232 -9.90109 7 
3.62514 -0.75238 0 
5.88451 -19.5849 22 
0.974731 2.27332 8 
2.27164 -1.97162 -8 
-0.243118 -2.59473 8 
5.20898 -5.96472 15 
9.76242 -6.18329 -7 
2.7574 9.73065 7 
-0.127266 -6.24881 8 
0.678139 -1.59219 0 
4.24081 -3.09457 16 
2.62328 -12.0533 16 
2.14459 -2.16724 9 
0.272141 1.79272 0 
2.10307 8.23071 0 
0.34362 -11.123 8 
1.56549 -2.03229 0 
0.579277 -4.52161 0 
1.11929 3.75479 0 
-0.678223 1.86813 0 
-2.24371 1.83835 -8 
-3.11047 2.7442 0 
-2.99486 6.08682 -25 
-2.91882 10.483 -16 
-4.1983 -4.25504 -15 
-16.6043 9.11115 -16 
-9.65533 14.7339 0 
-7.14951 21.2648 -29 
-7.45657 21.7973 -22 
-6.68974 17.2528 -21 
-8.48585 27.605 -27 
-5.21396 29.2392 -27 
-4.45749 24.7648 -25 
-5.00275 28.2825 -12 
-3.63039 28.9933 -18 
-2.7085 29.3268 -18 
-2.10359 27.4417 -12 
-1.11542 28.4539 -17 
-1.04791 28.2488 -16 
-0.419582 23.7877 -6 
-0.199127 22.322 -16 
0.338448 24.0498 -5 
2.99239 17.0643 0 
-1.08123 15.7041 -11 
-0.193451 17.7085 -5 
0.040432 14.0858 0 
-0.104321 14.6244 0 
5.13585 13.7849 -5 
-1.47783 16.1106 0 
2.13087 13.6767 0 
-0.0895882 13.542 -5 
1.50611 12.323 0 
2.10387 11.9277 0 
1.13695 14.3706 0 
1.32249 11.1723 -5 
-0.831829 13.4471 0 
4.05838 10.6178 5 
3.21044 8.16006 -5 
0.895535 15.2532 10 
-0.729607 10.8816 -5 
-0.405674 11.2192 0 
4.47823 9.16789 5 
1.60542 8.20538 5 
-0.0962296 6.25247 5 
4.93972 8.90572 -10 
-1.97551 5.95061 5 
2.4436 5.12712 0 
2.27966 3.2711 0 
2.70625 4.78641 0 
0.537994 2.54137 5 
1.10765 6.05865 6 
2.7078 4.10773 -6 
1.93359 3.62561 0 
3.12635 3.46353 0 
-0.744476 0.383301 -5 
1.33474 3.92548 0 
-0.647346 0.186218 5 
-0.661346 -0.1185 6 
3.24979 2.6785 -6 
-3.16396 -3.07385 -5 
1.7449 4.28809 11 
-0.0309448 1.84674 -6 
-1.89898 -1.25058 0 
4.00668 4.59579 6 
-0.938217 -0.201233 0 
1.61947 0.8013 -6 
-0.0516434 -0.138611 0 
0.257454 0.801727 6 
-0.945389 -1.0834 0 
-0.314674 2.95346 -6 
0.0370178 0.419525 0 
2.13196 1.62411 6 
-1.64639 0.680176 -6 
-0.409859 2.22614 11 
0.489563 2.45157 0 
1.76507 2.47687 0 
0.131294 3.40161 0 
1.21661 0.851685 0 
-1.00681 -0.878357 5 
1.55257 4.09308 0 
1.16175 -1.58936 -5 
0.659248 1.28079 0 
1.58369 -1.19376 5 
-1.07336 -6.0239 -5 
-1.16608 -6.17657 0 
-2.0032 -13.6695 -5 
-0.489922 -10.9982 -6 
0.497337 -10.5657 0 
0.429237 -14.5565 -5 
-0.152176 -17.0513 -5 
-1.45923 -17.8894 -5 
-2.16309 -20.4044 -5 
-4.09808 -21.9967 0 
-6.36337 -24.121 0 
0.63887 -21.6607 -5 
-4.401 -22.9979 0 
-0.252586 -22.4956 0 
-3.71263 -21.6616 5 
-2.82071 -20.9187 5 
-0.166054 -19.4027 5 
1.55015 -14.8771 5 
-4.07938 -23.3289 0 
-1.48981 -19.4312 16 
-2.08355 -22.3064 5 
-0.550182 -20.8188 6 
-2.83516 -21.7911 16 
-2.63353 -20.3506 16 
-2.14095 -21.601 12 
-1.63815 -23.619 17 
-1.76339 -25.1733 12 
0.95232 -22.5174 12 
-0.114635 -22.9167 18 
2.70173 -21.3219 6 
1.59581 -20.6798 13 
4.07342 -18.3513 6 
0.338787 -16.3716 0 
7.36391 -23.8877 33 
2.1726 -12.077 20 
9.432 -18.6155 28 
3.34931 -12.8875 0 
-0.0478363 -13.2664 29 
16.1482 16.1552 -15 
-6.06104 -32.0021 37 
4.29806 -5.79242 0 
-1.2345 -5.85461 16 
14.5091 7.32388 0 
-0.628578 -4.53671 15 
12.2818 -6.40311 8 
-2.1914 -6.04059 16 
2.23112 -2.60727 0 
-1.36149 4.55444 17 
3.82249 -13.2233 -9 
0.0170517 -0.0877686 9 
0.333328 9.66376 8 
1.73397 -7.88116 -8 
1.7974 -6.13538 8 
3.73462 3.4512 0 
1.33102 -11.694 17 
0.926445 5.25565 -9 
-1.37925 1.16724 0 
1.30168 -0.272003 0 
1.02772 5.20367 -8 
-0.263191 -3.50726 -8 
-4.29913 4.18091 -17 
-3.72941 9.87601 -16 
-4.92786 -0.70401 -16 
-3.04258 12.723 -15 
-9.50423 -2.69482 -15 
-6.47592 14.6337 -30 
-5.27577 15.5768 -28 
-7.07677 25.5452 -28 
-6.46216 15.1202 -19 
-6.22234 25.1659 -20 
-10.5247 25.9944 -19 
-4.94886 27.6179 -6 
-3.50454 29.2559 -24 
-3.17014 30.4354 -12 
-1.65339 27.9668 -12 
0.290432 23.2326 -17 
-1.1776 26.59 -11 
2.10511 22.0037 -11 
0.755978 21.0816 -16 
-0.353027 19.0703 -6 
2.24974 16.1762 -5 
2.75492 26.0177 -11 
2.73925 15.3672 -5 
4.51229 19.191 -10 
0.645996 17.8198 0 
1.62138 16.663 -5 
2.39532 15.6998 0 
8.11505 17.2694 -5 
0.215218 16.3963 0 
7.77995 14.6726 -5 
1.28137 18.0799 5 
1.02332 18.7254 0 
7.31365 15.5869 5 
-1.3031 18.0744 -5 
5.59175 16.021 0 
4.50042 13.6236 0 
5.28204 16.8836 -5 
5.46473 15.5819 5 
12.61 31.3677 126 
0.626335 14.2573 -6 
6.01077 16.1023 12 
3.06009 14.1233 0 
1.58971 5.23157 -12 
1.79552 10.8963 12 
-7.01223 -16.0363 -107 
1.12141 8.36768 0 
1.17772 3.68286 -5 
3.18388 11.037 11 
2.58116 6.38397 0 
1.0555 4.98267 0 
1.75156 5.95798 5 
-0.21582 0.835205 5 
0.801239 7.29703 0 
0.583603 2.31927 -5 
-0.0845642 3.8887 5 
2.45125 4.97168 6 
-0.0485229 2.74939 5 
2.63776 4.5679 11 
-84.3238 -521.564 28 
-4.04308 -13.4061 11 
-1.32467 -12.0891 6 
60.2711 -193.477 148 
-2.38139 -22.1415 7 
5.68246 -14.1884 0 
2.43184 -1.4202 15 
0.114029 1.08038 7 
0.408295 3.31827 0 
2.90318 10.2795 7 
2.91072 -20.4522 8 
0.840881 -4.60294 7 
-0.0988312 -0.265442 0 
2.73557 9.74963 0 
4.39462 -2.59479 0 
1.87553 -4.86771 -7 
-1.91916 -14.6977 15 
5.13507 1.02646 0 
0.209015 -0.440125 8 
-2.81749 0.362579 0 
2.55931 -14.2966 15 
0.996552 8.69525 -8 
3.70024 -6.41083 8 
-1.78642 1.16251 8 
0.651672 -9.20401 8 
0.70372 7.56561 0 
-0.698837 -1.96942 0 
-0.248108 -2.32214 0 
-1.20737 2.88342 0 
-2.1163 3.53268 -8 
-1.46094 3.00671 -16 
-7.00383 17.4998 -7 
-6.03616 18.2623 -16 
1.51314 5.22806 -22 
-9.34164 4.03143 -15 
-8.21726 20.4948 -21 
-14.7225 5.19019 -28 
-6.17107 26.5985 -20 
-5.48724 24.068 -13 
-4.11945 24.1494 -13 
-7.48802 31.7636 -25 
-3.61393 21.4166 -18 
-6.97541 36.9485 -24 
-2.20031 28.7626 -6 
-1.57058 31.2832 -17 
0.474983 26.0507 -11 
-0.01717 24.4803 -11 
2.6753 24.0209 -11 
-2.29068 20.1782 -5 
2.23175 22.8494 -6 
-0.328735 19.7123 -5 
2.01246 21.0007 0 
-0.429829 19.8001 -5 
0.254425 19.4404 -6 
3.25352 19.2017 -5 
-0.62664 14.0632 5 
3.20065 21.412 0 
3.62146 18.9613 0 
-2.55385 17.7644 6 
7.07115 14.6428 -6 
-0.221466 20.6144 11 
4.00497 15.1676 -5 
6.14096 16.6825 5 
3.7082 11.4512 0 
2.1272 17.0564 0 
1.0471 12.4884 0 
2.25396 18.3485 16 
2.4134 4.25357 -16 
5.83476 11.1344 11 
1.12129 7.49399 0 
5.00303 6.79251 5 
1.02714 7.8559 0 
1.76846 5.04651 -5 
1.62761 5.65555 16 
1.57587 2.99344 -11 
-0.0710526 4.73065 5 
6.35013 28.2806 99 
-5.27629 -16.6614 -99 
-0.356895 0.157318 6 
3.69358 -1.73291 -6 
-5.80428 -7.16977 0 
-1.23347 -1.49738 0 
-0.0378189 -9.31671 0 
-3.35503 -12.2791 6 
-1.33509 -8.82336 -11 
-5.01532 -16.1452 5 
-6.89549 -11.6367 -5 
-3.17356 -21.4572 -11 
-4.14365 -17.8132 0 
-0.104073 -23.0908 0 
-7.64924 -20.3583 -5 
-5.2788 -21.6337 5 
-0.567299 -23.5358 -10 
-7.30878 -19.426 0 
-2.55965 -22.5002 0 
-6.31704 -16.6853 5 
-1.84088 -23.4018 0 
1.88707 -18.5945 -11 
-7.45423 -21.8591 16 
-0.168697 -14.954 -5 
-10.4485 -195.911 84 
-2.26884 -16.0782 12 
4.34042 -16.6523 12 
0.717289 -15.8939 6 
0.936436 -18.5996 6 
2.59 -14.6378 13 
2.09156 -17.229 6 
4.16889 -12.9044 6 
1.28866 -12.3598 7 
3.10571 -15.4158 13 
5.55611 -8.17154 7 
1.18213 -13.1507 20 
2.95687 -3.57257 0 
-0.796875 -0.987183 -14 
6.92487 -18.9232 35 
0.065239 -3.03186 7 
0.768578 -1.54507 -14 
6.05694 -12.7366 14 
6.63386 -15.6639 14 
0.12439 -3.30038 8 
5.00157 -0.256012 7 
7.52293 -9.70261 0 
-0.0266724 -3.90146 30 
9.51636 -9.83463 0 
-0.171646 -0.214386 15 
4.33701 -8.27191 0 
7.07394 -3.47162 16 
5.38033 2.13376 0 
2.49921 -4.02277 8 
3.13517 -4.27286 0 
-1.59286 7.12241 0 
3.75017 -5.31348 0 
-0.309219 0.404083 0 
0.0027771 4.42258 -8 
-2.72273 10.8169 -23 
-7.17052 11.1924 -16 
2.33372 5.89493 8 
1.18886 16.6318 -8 
5.16065 17.234 -15 
4.74631 12.4749 -7 
9.98636 25.5982 -22 
10.2445 9.71939 0 
11.5307 15.7881 -7 
16.061 8.42099 0 
14.2676 8.26376 0 
20.6162 -0.00772095 -7 
15.0975 9.57971 -14 
21.4061 -0.414093 0 
26.3236 -14.7833 28 
8.17532 12.7185 7 
16.9825 -3.20096 15 
7.39963 -7.3609 -7 
14.6165 5.32568 29 
14.5423 0.230499 0 
2.1593 5.11752 0 
2.59738 3.76019 8 
1.39069 2.84308 8 
-3.11069 2.79559 -8 
10.4745 -6.09988 -15 
-8.04257 8.27713 -8 
-25.3367 17.2569 -22 
-0.261383 -7.89636 8 
-23.0774 22.4265 -15 
-22.5191 10.3526 -7 
-17.7556 13.4485 -14 
-23.3295 15.2841 -7 
-22.8385 11.9585 -14 
-20.4917 11.9479 -13 
-23.8619 8.72456 0 
-23.5153 7.02472 -7 
-25.1844 5.21423 7 
-25.2409 4.33585 6 
-22.8619 1.28581 7 
-18.8923 3.89664 7 
-18.208 1.7935 7 
-15.6568 0.562378 14 
-14.1547 2.62628 7 
-10.9471 0.4785 7 
-9.26201 2.22629 15 
-8.43697 -0.173706 7 
-6.68631 -3.9855 7 
-6.58977 -1.27924 15 
-3.76168 -1.69667 0 
-1.90256 -0.273911 8 
-3.93809 -2.39436 8 
0.661228 -3.80388 0 
0.188011 0.30574 0 
282.6 -103.101 -60 
2.45016 0.272919 0 
-0.363571 -2.95978 0 
0.302322 -1.78256 0 
1.68486 2.78458 0 
-0.494415 -0.209564 0 
3.44855 1.45578 0 
0.435364 0.684967 0 
3.95258 2.5936 -7 
3.01633 1.73502 0 
4.51784 1.09784 0 
7.78198 0.664246 0 
13.997 -0.923004 0 
8.30765 0.621124 7 
10.9474 -5.88327 7 
13.4533 -3.42157 0 
12.6526 -8.24423 15 
12.5441 -9.6225 0 
5.73141 -1.31763 0 
5.457 -4.61438 0 
12.3112 -5.48883 0 
2.12094 1.36096 -7 
-3.76657 3.59442 -15 
-3.74405 6.29129 0 
-6.34512 4.79156 -7 
-18.4379 9.08542 -7 
-19.4632 4.98849 -14 
-22.0787 11.8113 -7 
-19.8008 6.51636 -14 
-25.0122 14.8034 -13 
-28.8478 5.87398 0 
-24.6554 12.8042 -6 
-27.8346 12.5413 -7 
-26.8924 8.72527 13 
-29.8777 7.3125 0 
-27.2502 6.33542 7 
67.6207 15.9516 0 
23.6293 -3.26706 -7 
51.4406 -33.3145 238 
-3.53247 20.3996 -238 
29.4167 -6.53957 7 
59.317 -37.2577 222 
-12.9602 16.1324 -195 
17.9365 -12.7477 -7 
17.2676 -10.4657 7 
9.5993 -12.6964 -7 
21.9999 -8.83702 50 
9.66922 -9.89456 7 
5.1069 -3.80731 0 
23.0738 -9.97458 0 
-4.73862 8.20474 7 
1.70468 -2.46222 8 
-5.53287 -3.54044 7 
-3.01285 -1.71857 0 
4.0538 -2.69052 8 
-1.20721 2.04965 0 
-3.74982 0.144958 0 
-4.17145 -1.92999 -8 
-2.8985 2.92773 -7 
0.560364 -6.02527 -15 
-3.84518 -1.88354 0 
-26.2159 3.7811 -36 
-12.5126 11.8484 7 
-14.6404 4.2366 0 
-13.3783 5.48303 -21 
-15.6224 10.7707 -7 
-19.456 3.91331 -7 
-20.6692 15.1348 -13 
-21.7018 9.36722 -7 
-20.0524 12.3725 -13 
-25.9658 10.9793 -7 
-21.7339 6.51921 7 
-23.2333 6.36761 7 
-23.6034 6.01276 -7 
-22.3069 5.06747 13 
-21.634 4.9669 7 
-31.8691 10.4372 27 
-70.0945 1.47002 80 
1.37731 -1.07481 0 
0.5655 -3.34889 8 
3.56329 0.601532 -8 
1.91834 -3.47417 0 
4.57017 -2.46681 0 
8.01936 -2.05312 -8 
142.633 -16.604 -93 
-21.3261 6.49844 7 
-20.58 4.62907 7 
-19.7774 -0.326965 7 
-13.8606 5.54095 21 
-10.7327 0.147781 7 
-9.25435 2.04834 15 
-9.98977 1.81494 7 
-4.38686 -0.245926 0 
-5.15891 0.103256 7 
-3.27386 0.697647 0 
-1.28699 -2.18396 0 
-0.900542 0.0841675 8 
1.91086 -2.23811 0 
2.83491 -0.966949 -8 
3.06646 2.06499 0 
5.17031 -2.77829 0 
7.70982 1.21158 0 
7.37395 -1.17615 -14 
10.2329 -1.27525 -15 
13.6668 -4.80963 0 
16.5049 -1.37689 -7 
17.8503 -3.24242 -14 
20.5641 0.786911 -7 
17.3762 -7.26933 -7 
21.8772 -1.77867 -7 
24.9325 -1.47807 -7 
24.2717 -5.79449 -6 
22.2606 -8.24709 6 
26.1101 -8.68025 7 
21.664 -14.1142 7 
20.0041 -8.85454 0 
18.5651 -9.2585 -7 
23.9381 -8.29921 21 
22.4835 -15.5723 7 
10.0869 4.05893 7 
16.4417 4.92142 0 
6.95007 -16.8687 29 
10.1271 7.33072 -15 
11.5304 -3.09628 15 
-2.56915 -3.3887 7 
0.379364 -0.509308 8 
25.0874 11.3099 46 
-7.04446 -11.1295 -39 
-4.33798 0.353943 8 
-5.2002 2.74036 0 
-7.7413 -1.31824 -8 
2.13065 5.14389 -7 
-9.33145 3.92648 -8 
-6.15216 3.94504 -14 
-13.7292 7.90524 -22 
-22.2961 -8.5838 7 
-8.5459 5.59692 -7 
-21.0412 6.52165 0 
-16.9214 11.9622 -14 
-22.0237 9.60556 -7 
-25.1234 15.1918 -14 
-26.1851 9.14531 -7 
-27.1461 11.7435 -6 
-24.598 12.1226 -7 
-30.3048 5.91811 7 
-22.3709 12.9734 0 
-26.9204 7.0275 0 
-20.9053 12.5162 0 
-22.3739 3.16028 13 
-21.2674 4.24921 14 
-17.223 5.40753 0 
-14.2949 3.64331 21 
-14.2203 -0.1586 7 
-10.5689 3.87096 7 
-9.43636 -1.67077 30 
-9.28793 -0.106888 7 
-0.852697 2.57452 0 
-3.52089 -1.89587 8 
-3.3909 -3.11011 15 
-1.02466 -3.78944 -7 
0.822369 -3.04388 7 
2.69765 1.92184 0 
4.06373 -5.09212 -7 
8.41322 -2.00026 -8 
6.84925 -2.72769 -15 
8.49259 -1.21567 -8 
11.6831 -2.84001 -7 
13.3195 -2.33728 -7 
15.816 -2.32175 -8 
20.5145 -2.01715 -14 
238.292 -92.8809 -14 
21.6794 -20.0114 7 
4.12704 -5.3768 -7 
18.9401 -8.45322 7 
16.1229 -4.33624 36 
10.8992 -5.40189 7 
11.1243 -2.5101 8 
-1.8042 -4.95813 7 
11.5723 7.13721 -15 
3.43167 -0.153564 8 
-3.43243 4.31631 -8 
12.1417 2.46991 0 
-2.91083 -5.86783 15 
4.02567 7.21783 -7 
0.249512 -2.81387 0 
-3.84439 -1.42374 7 
5.39838 1.11316 8 
-4.71698 1.1329 -8 
-4.96143 2.85245 -7 
2.09647 1.1022 15 
-8.20923 0.171783 -15 
-12.9073 -1.70056 0 
-3.81903 2.10733 -8 
-9.75171 4.48746 -7 
-21.5212 3.87027 -22 
-9.35559 4.09543 -7 
-18.6475 -0.699432 0 
-21.4337 5.12753 0 
-17.9284 9.14597 -7 
-21.9298 6.69055 -21 
-25.5881 10.2237 0 
-24.7215 17.3551 -20 
-20.2518 12.8289 0 
-25.9765 11.0294 0 
-25.5683 10.9034 -7 
-27.8458 7.56044 7 
-22.3729 9.2276 13 
-21.0318 9.21301 0 
-22.2613 6.71091 14 
-16.0309 11.0672 7 
-15.742 2.46286 14 
-13.9412 2.709 0 
-10.4341 2.8475 22 
-9.61373 5.06267 7 
-7.30513 3.6189 7 
-4.76018 -1.55589 15 
-4.91898 0.361534 8 
-1.57275 -1.95334 8 
-2.2364 0.683365 7 
0.760082 -5.54747 0 
0.00945663 4.2043 8 
3.06319 -5.62418 0 
1.82112 -2.30063 -8 
3.96 -4.03903 -7 
6.01215 -0.131622 -8 
5.71748 -0.303116 -8 
6.48571 -2.72549 -7 
9.10662 1.34467 -15 
11.5223 -0.62706 -7 
15.3465 -1.5657 -8 
15.0345 0.40625 -7 
19.4439 -1.99855 -7 
21.5913 -2.44429 -21 
23.393 -4.22478 -7 
24.9371 -5.32399 -7 
29.5034 -4.27126 -13 
28.6049 -7.58826 0 
26.9062 -9.48886 0 
21.6366 -10.0157 0 
25.1962 -10.1994 6 
23.1291 -13.0435 7 
20.174 -16.883 7 
23.5237 -7.37825 7 
15.9032 -7.8094 7 
16.4703 -12.1497 7 
14.8457 -4.43848 7 
11.719 -7.67126 14 
13.8908 -9.10641 15 
3.25662 0.597443 7 
2.00381 -1.9502 -14 
17.4133 -6.64902 22 
5.41327 -2.22882 7 
-0.614838 2.07013 -7 
3.31186 -0.869324 15 
-3.48318 -0.715851 8 
4.8913 -0.672699 0 
-6.40106 -12.0436 15 
-6.32651 -1.95352 0 
4.55777 4.84665 -15 
-7.11441 1.25195 0 
-6.46078 6.77609 -16 
-6.7627 4.10864 -7 
-14.0948 -2.41968 -8 
-5.47751 7.48135 -7 
-15.833 1.03683 -7 
-14.9599 7.42896 -15 
-16.4846 10.6311 -7 
-17.1478 10.6152 -28 
-20.3285 14.3602 -7 
-19.9967 15.9367 -13 
-19.9272 10.5671 -7 
-27.3209 15.1826 -6 
-19.4377 11.533 -14 
-27.848 13.6265 7 
-22.1218 9.51717 -7 
-22.9819 9.65678 0 
-24.6793 4.6308 7 
-21.2604 5.90964 7 
-20.1576 6.93523 6 
-19.1899 1.23767 7 
-19.1756 2.34464 13 
-14.1829 1.88441 14 
-15.1106 4.02102 7 
-10.6701 0.335861 14 
-9.34411 4.0881 22 
-7.15459 -2.11478 7 
-6.66182 -1.06845 7 
-5.4012 -1.33044 15 
-2.30287 0.209846 8 
-0.109203 -3.61679 8 
0.532383 -5.01315 7 
-0.0489159 -3.59222 0 
1.49253 -2.05672 8 
1.17089 -4.37425 -8 
5.28387 -2.69505 -7 
4.0462 0.625687 -8 
6.22482 -1.38338 -8 
8.46369 -0.966446 -15 
9.69586 0.0157166 -7 
11.739 1.45509 0 
13.7317 -2.11609 -15 
12.7572 -5.08939 -7 
19.4671 2.73245 -14 
19.6243 -2.27942 -14 
22.0435 -1.61105 -14 
24.5382 -2.27156 -7 
20.8777 -6.47404 -6 
25.1294 -5.23073 0 
21.5335 -5.11798 0 
26.5914 -8.83186 -7 
22.8825 -6.95132 0 
21.7773 -4.16374 0 
19.1367 -10.1165 7 
20.1465 -8.5307 6 
22.0971 -12.0073 7 
18.8926 -11.5598 14 
15.1078 -7.84952 7 
16.8595 -9.99844 14 
12.2981 -8.78937 7 
8.5686 -9.61676 7 
6.79211 -10.119 15 
6.97937 -2.77325 7 
7.7085 -2.71893 8 
1.67386 -11.2671 15 
8.04501 -1.57242 0 
-0.0675049 -0.790283 0 
-2.94391 1.02045 8 
-3.38394 -3.20517 -8 
0.566345 -2.98291 8 
-3.17728 -0.376556 0 
-6.20831 0.9646 -8 
-3.10764 -1.17847 0 
-3.04807 3.6123 -8 
-6.0018 6.93335 -15 
-4.75574 0.0701904 0 
-9.3981 7.87427 -7 
-14.1565 10.3145 -15 
-11.6378 10.7568 -14 
-17.6301 10.1491 -21 
-18.6167 15.6289 -14 
-20.5927 16.7062 -20 
-20.8184 13.5352 -13 
-21.3298 13.5241 -7 
-23.1638 15.6274 -6 
-22.4091 13.6798 -13 
-34.2734 9.45064 13 
-15.6666 12.7805 -6 
-18.2179 13.9477 0 
-23.5603 8.27013 6 
-20.3772 8.51617 0 
-20.3514 5.13998 6 
-21.4734 -0.908928 14 
-18.6901 3.45676 13 
-17.0239 3.07664 6 
-14.1242 0.513672 21 
-15.1037 1.46014 7 
-9.66237 2.13723 14 
-7.59927 -1.61742 14 
-5.60228 0.410797 8 
-6.46201 -3.45789 14 
-1.54004 -4.32693 8 
0.151184 1.71135 7 
1.5044 -6.1264 -7 
0.834927 -3.98244 -8 
4.7722 -1.12962 -7 
10.8119 9.60764 0 
1.25309 -17.8711 -7 
9.7931 -2.27029 -8 
13.7909 -1.0802 -14 
13.0799 -3.05238 0 
12.6135 -4.11143 -14 
18.5935 0.286423 -7 
19.4873 -5.06561 -14 
21.2624 -4.43655 -7 
22.5274 -4.95627 -6 
26.3358 -8.57376 0 
55.4852 -38.7152 285 
-1.77734 25.6705 -298 
26.1236 -10.0774 6 
60.3971 -38.0024 247 
-12.5674 22.1294 -240 
17.0016 -6.74014 0 
19.0182 -10.2587 6 
17.8279 -7.33725 7 
18.4865 -7.25757 7 
14.6542 -1.90526 0 
12.0713 -6.22719 0 
15.9275 -7.26596 14 
19.3151 -4.40614 0 
12.1014 -4.14453 14 
11.2192 -8.88199 14 
10.5854 -11.0593 -7 
0.964935 1.57657 15 
3.672 -6.09238 7 
3.35974 -8.61148 7 
-5.45596 -5.47409 0 
0.329529 -2.76746 0 
-0.667023 -0.343872 0 
-5.21539 -0.505096 0 
-6.23843 -1.56201 0 
-2.97076 2.72992 -7 
-7.09885 2.6496 -7 
-10.5702 5.92358 -15 
-5.89185 3.30334 -7 
-13.9838 7.22827 0 
-10.3253 8.37866 -21 
-12.1126 7.96979 -14 
-14.4974 12.633 -13 
-17.6653 12.2035 -7 
-18.9145 13.817 -20 
-19.4353 13.0653 -6 
-23.601 17.3928 -6 
-23.3215 14.288 -13 
-23.0479 5.85028 0 
-22.2544 16.8025 0 
-23.8974 10.6424 0 
-24.0664 7.38493 0 
-24.3448 7.08339 13 
-21.2863 7.76715 6 
-20.4615 5.09453 6 
-20.1004 4.14217 20 
-19.2281 0.971153 13 
-17.7915 2.5136 21 
-17.2661 2.61663 14 
-12.1153 -2.60711 7 
-11.6637 1.39238 22 
-7.48822 -0.459846 7 
-7.51968 -1.50812 22 
-5.76962 -1.99056 8 
-0.811783 -4.3789 8 
-1.84799 -0.21064 7 
-2.42793 -2.72913 8 
5.49349 -5.07575 -15 
-1.46078 -0.894882 0 
2.2945 1.09307 -8 
5.4978 -1.41042 0 
5.61414 -1.61054 -8 
1.75387 -2.96021 -7 
9.6448 -1.10378 -8 
8.18775 -0.767227 -7 
13.8528 0.479996 -15 
14.3039 -2.81187 -7 
15.7815 -2.68777 -7 
19.2816 -3.8963 -14 
23.3774 -3.19696 -7 
39.9896 -39.8294 278 
7.75191 24.4109 -299 
54.6743 -50.5918 308 
24.9707 -8.78471 -38 
32.6217 -15.1337 -27 
27.823 -13.2721 -9 
30.8455 -18.5975 -9 
-13.7539 14.7547 -204 
25.099 -16.2135 21 
16.2526 -13.2612 7 
19.0449 -14.4184 22 
12.9236 -11.7604 7 
7.28156 -5.9646 15 
14.1662 -8.20312 8 
12.3618 -4.41263 8 
7.71216 -6.74591 15 
6.8602 -1.09689 0 
2.13394 3.10312 0 
1.54449 -3.55429 8 
1.17502 4.29147 -23 
1.01157 1.27896 0 
-0.706665 -1.61459 7 
5.73941 -0.0872498 0 
-2.77536 -2.83734 8 
-0.198486 -0.401825 0 
-3.47012 3.04147 -8 
-4.87326 -1.8775 0 
-3.39435 2.26193 -7 
-7.49316 2.04254 -8 
-11.2694 3.19186 -15 
-7.87766 2.76016 -8 
-10.2233 3.60355 -7 
-14.4051 9.26709 -22 
-190.863 -131.328 0 
1.27609 -5.91748 0 
3.97318 -6.28729 7 
4.66997 -7.86505 0 
4.52296 1.37637 0 
5.54544 -2.90793 -7 
6.8826 3.73071 0 
8.44061 2.63654 0 
9.66777 1.27905 0 
10.5511 3.05719 0 
8.29395 3.22729 -14 
11.8662 -0.65918 7 
10.1947 2.08441 -7 
10.7193 1.44 -7 
7.83337 -1.60608 0 
5.69278 -8.19571 0 
2.4545 -7.50897 7 
2.85986 -3.98404 0 
-0.269379 -14.2704 7 
-2.32965 -2.26559 0 
-4.19501 -11.3289 0 
-5.67477 -5.89172 0 
-7.5209 -1.68082 7 
-11.1766 4.2644 -7 
-10.2107 1.18854 0 
-13.3924 15.6729 -21 
-11.0751 15.0919 -27 
-13.8037 22.9572 -27 
-11.5986 21.2306 -19 
-13.3892 28.2702 -24 
-10.9669 25.6408 -30 
-10.9725 33.3789 -23 
-10.8932 40.8618 -28 
-10.2586 36.5092 -16 
-6.5306 42.2434 -21 
-7.10415 37.7129 -15 
-4.8575 45.086 -10 
-5.28854 35.9956 -15 
-5.11546 30.9192 -4 
-3.5725 39.3421 -15 
-0.194794 29.2077 -4 
-0.452553 29.6921 0 
-3.33868 25.9114 0 
0.6409 27.9255 0 
-0.448296 26.4443 4 
0.571762 27.6661 0 
-0.242638 25.924 5 
2.31071 22.5736 5 
1.0705 24.5396 9 
-0.269089 21.8551 0 
2.32272 24.2984 5 
2.49468 18.2482 10 
12.1616 44.8586 137 
2.03271 12.5209 6 
-8.47498 -25.3778 -133 
-2.66391 -5.51224 0 
-4.60545 -8.93845 -5 
-6.79829 -16.8955 -5 
-8.44645 -26.0377 0 
-3.71028 -27.7077 -10 
-6.67397 -27.7383 -5 
-9.61829 -34.9242 5 
1.70927 -34.392 -5 
-4.6019 -36.5015 0 
-1.7753 -39.4762 0 
-0.996342 -36.6597 15 
-1.33295 -37.5854 5 
-2.13099 -42.8205 15 
-0.580406 -41.727 16 
2.34722 -34.8792 16 
0.832195 -41.3196 16 
-1.10627 -40.7751 22 
2.84587 -35.6237 17 
4.31015 -30.6414 18 
4.52439 -25.7863 18 
5.1611 -25.7092 12 
8.33354 -22.822 19 
4.60236 -19.8427 12 
10.4024 -24.7492 27 
12.056 -18.4221 20 
9.42071 -20.7933 28 
8.73235 -18.2325 22 
6.32301 -3.20209 14 
14.0107 -17.222 23 
6.74498 -5.00235 15 
1.20119 -6.06793 16 
4.98996 -2.13138 8 
-1.31189 3.96701 -8 
-2.16785 2.10416 -8 
-4.01938 2.43469 -8 
-9.21252 7.45837 -23 
-11.4172 12.6326 -22 
-12.3033 13.1809 -36 
-11.0099 10.3934 -14 
-15.0901 17.4119 -21 
-11.0097 27.5882 -26 
-11.475 30.5604 -32 
-8.75073 28.9103 -24 
-6.58221 32.905 -30 
-5.77899 32.4473 -23 
-5.31738 28.819 -16 
-5.04809 28.6495 -16 
-1.00037 32.5648 -16 
-4.41142 24.1837 -11 
1.58508 35.8628 -20 
1.04111 25.1434 -5 
-0.357372 22.2247 -15 
1.28725 25.3527 -9 
1.65803 24.4307 -10 
1.34549 19.3789 -4 
1.90797 20.1043 -5 
1.90568 21.4344 0 
1.20548 19.6235 -4 
1.52536 18.8515 0 
3.08191 18.1709 0 
2.66754 19.1708 0 
0.700565 17.0017 0 
4.96852 18.9666 4 
-3.15731 15.5034 9 
9.22343 15.2926 -9 
-2.02457 16.1263 9 
5.45029 14.9499 0 
-0.193001 12.1955 5 
8.41755 12.3181 0 
2.92177 11.4564 5 
2.15572 4.11061 5 
1.28133 6.90692 0 
0.822525 -1.17673 0 
-0.476173 -1.92357 0 
-6.05847 -5.4424 -5 
-1.67596 -13.4083 -5 
-5.5555 -13.0275 -5 
-2.75581 -17.0161 -4 
-4.57526 -17.8757 -5 
-3.26979 -23.8402 0 
-5.40693 -23.844 -4 
-4.7075 -23.3058 9 
-2.70306 -24.367 -5 
-4.34491 -24.7018 9 
-1.66 -24.1352 0 
-1.55398 -24.2947 5 
0.281189 -23.0006 10 
-4.28431 -24.753 4 
-3.66558 -26.9511 15 
-0.230268 -29.7893 5 
-0.742023 -28.334 20 
0.483049 -30.7575 16 
-0.679062 -32.5145 11 
1.15397 -31.8639 16 
0.716139 -36.3408 22 
4.01476 -29.2226 23 
2.92856 -27.929 24 
4.89031 -26.3695 18 
5.51391 -24.115 12 
3.44805 -16.762 7 
11.065 -20.0852 19 
6.70687 -20.754 20 
5.87213 -14.9123 27 
8.56606 -18.2281 21 
10.4804 -10.5556 14 
7.46356 -12.8797 15 
7.73619 -6.66995 22 
4.53366 -5.43094 8 
5.83021 -6.32343 15 
2.23876 -6.33292 8 
1.66396 -5.07651 8 
3.48846 2.79047 0 
-0.852348 -3.30734 0 
-4.90556 2.84564 -8 
-0.537788 2.84601 0 
-7.06818 5.79694 -15 
-7.99198 8.12033 -16 
-9.00739 7.00064 -15 
-9.11424 17.0499 -22 
-10.6715 16.9103 -28 
-11.3425 20.0099 -28 
-12.397 26.531 -26 
-6.63811 30.1869 -32 
-11.5467 28.1187 -24 
-6.91556 31.2873 -24 
-6.62538 30.657 -23 
-4.97265 32.4223 -17 
-2.88131 38.8808 -21 
-3.31139 33.4197 -11 
-3.21654 31.1091 -16 
-0.471139 32.5479 -15 
-0.520873 29.3995 -5 
3.17766 34.2321 -10 
-5.55216 25.72 -5 
5.18817 24.2233 -5 
1.78977 28.1211 0 
2.26182 23.5736 -4 
2.9488 22.0092 -5 
1.16963 21.2123 0 
2.25414 22.7202 5 
1.20997 18.8645 4 
1.38457 18.5079 -4 
1.98424 15.6572 4 
1.43718 15.6945 0 
1.8177 15.0478 0 
7.77559 9.33926 0 
2.83394 12.2487 0 
2.62499 14.7462 5 
2.52606 9.46751 5 
2.81776 12.4245 5 
1.29789 8.02432 0 
2.14912 6.99265 -5 
0.449722 9.76328 5 
0.951672 3.28644 0 
-0.176735 1.7807 0 
-1.39895 -1.74445 0 
-2.25994 -8.99887 0 
-3.6254 -8.35873 -5 
-1.85172 -10.71 -5 
-3.56746 -9.86234 -9 
-9.51955 -11.7263 4 
1.57129 -24.6134 0 
-8.38486 -10.5231 0 
-4.30671 -25.9973 0 
-4.14767 -24.9741 -4 
-3.19793 -26.1431 4 
-3.22342 -25.0754 0 
-1.76986 -26.6733 0 
2.64152 -22.2347 5 
-6.14253 -25.277 5 
7.66855 -21.4309 5 
0.516889 -24.3758 5 
-0.73274 -25.6771 15 
-0.396768 -25.004 5 
0.325807 -21.95 11 
2.11097 -21.3493 10 
1.97526 -23.9842 11 
-0.371076 -25.5585 11 
2.98828 -19.7701 16 
0.0121269 -26.6055 6 
1.61113 -24.0743 17 
2.11284 -25.2768 18 
5.8008 -20.9691 6 
2.79899 -22.0373 12 
9.54863 -27.5338 6 
3.74374 -19.456 12 
6.05668 -12.1324 13 
5.97227 -16.2901 12 
4.2604 -13.6503 20 
12.951 -7.29099 7 
2.76048 -10.6371 6 
7.31635 -7.79929 14 
13.0122 -9.46609 7 
7.85041 -8.46472 14 
4.23907 -6.18298 7 
1.28194 2.03421 0 
13.1385 -9.35751 14 
10.4918 2.31302 -7 
9.25015 6.5365 -14 
12.1982 9.12714 -14 
11.6368 8.13657 -7 
14.754 10.6893 -20 
16.0564 8.82465 -7 
17.7354 9.28452 -6 
17.8851 9.04669 0 
18.9413 7.37415 -7 
23.1838 4.54102 0 
17.989 4.74622 13 
16.4799 0.859253 7 
20.5853 1.49124 0 
21.4644 -2.96109 13 
11.9551 0.326996 7 
17.2458 -6.76041 14 
11.2323 -4.55313 7 
11.7834 -1.77951 21 
5.38184 -0.00482178 8 
7.17334 -2.75473 7 
2.10617 -2.48892 7 
-0.0647888 -1.31049 -7 
1.05588 4.80493 0 
-2.49878 3.0282 -7 
-7.56375 3.00574 -8 
-2.17331 11.4738 -21 
-6.75 8.45737 -14 
-14.9858 12.7453 -27 
-15.1306 11.4819 -20 
-18.835 15.8818 -13 
-23.2348 16.183 -19 
-23.9699 21.0917 -24 
-28.4632 20.5791 -6 
-27.9703 17.9446 -18 
-29.0217 18.2253 0 
-31.0434 14.3965 -17 
-28.958 17.1792 5 
-27.5585 13.7816 0 
-26.7735 15.1767 -5 
-28.526 7.64557 17 
-26.3281 9.11539 12 
-23.2716 5.00099 12 
-23.0706 0.361969 18 
-20.7701 4.08061 6 
-18.1383 -0.974136 25 
-17.2963 -1.78392 20 
-9.30017 -2.93898 20 
-9.53009 -2.4576 21 
-6.10319 -4.39143 14 
-5.73688 -3.76935 22 
-2.20064 -3.11258 7 
-2.38511 -5.31052 15 
-1.3921 -3.37451 7 
3.93835 -0.797501 0 
2.765 -3.07672 0 
1.73292 -0.587738 -15 
6.11749 0.120514 -22 
5.24833 -1.21341 -14 
8.10368 0.274658 -7 
8.7645 -0.439713 -14 
13.3296 -0.644073 -21 
21.0347 4.35489 -19 
18.7687 -3.04285 -14 
21.3641 -7.55444 -19 
20.953 -6.77318 -6 
27.6045 -6.5334 -18 
26.1863 -9.99887 -12 
29.914 -12.1962 0 
25.7404 -9.67955 -6 
27.5886 -14.3629 0 
25.8903 -15.173 6 
29.2578 -10.7287 0 
28.009 -26.2088 6 
21.5653 -5.11807 12 
24.3612 -14.3399 12 
19.2477 -5.37817 0 
15.4953 -9.75253 19 
17.6057 -14.4113 20 
7.97705 -5.35721 13 
11.7964 -7.83124 0 
10.0416 -8.42639 20 
-4.6153 3.1918 -14 
9.68628 -8.53519 21 
1.392 -4.37299 14 
-2.6001 5.16254 -7 
-4.7272 5.65988 -14 
-6.90027 4.58154 -7 
-8.19147 7.40369 -13 
-9.24832 12.1726 -20 
-13.4254 8.4725 -13 
-15.8732 17.9054 -19 
-20.9528 16.2397 -12 
-23.1544 11.0774 -12 
-24.2491 15.3122 -18 
-27.3489 20.6345 -6 
-29.994 17.0215 0 
-28.0033 12.1963 0 
-27.9772 14.3122 0 
-31.8146 10.7544 0 
-24.2755 9.00331 6 
-27.8924 6.78322 12 
-22.5574 8.35744 24 
-23.4863 5.17267 6 
-22.0151 -0.617966 25 
-20.5703 0.415909 14 
-17.7668 -0.377914 19 
-9.53594 -0.100967 14 
-12.0778 -1.63797 21 
-8.35288 1.51918 7 
-6.81889 -0.177856 22 
-4.75977 -0.531631 22 
-3.08129 -1.33705 0 
-1.356 -0.475479 7 
1.41461 0.466614 0 
2.21346 -3.15657 -7 
3.63999 -0.840683 -15 
5.43231 -3.5051 -7 
7.80925 -2.83797 -15 
8.13046 -4.68613 -7 
11.3474 -2.77234 -14 
19.751 -0.580521 -21 
16.4525 -6.62689 -13 
18.8259 -5.83836 -7 
22.4463 -9.20198 -13 
23.8028 -10.48 -7 
24.9834 -14.9754 -6 
24.7694 -17.0482 0 
26.3857 -16.2163 0 
29.1425 -13.9409 -6 
24.2634 -15.3963 6 
26.2935 -13.0467 6 
24.3966 -13.0773 0 
24.789 -12.2071 7 
21.6848 -13.4278 13 
19.382 -11.4522 7 
19.764 -11.6638 20 
14.4575 -7.03625 7 
8.28445 -8.80347 21 
1.56824 -4.50568 -7 
4.53448 -2.34421 7 
4.23035 -4.46851 7 
-1.30975 -6.66098 7 
-7.29239 4.02539 -7 
-8.8605 -0.873871 0 
-7.82339 4.61102 -7 
-11.1164 0.837769 -7 
-6.73203 1.69409 0 
-11.0219 4.29697 -14 
-13.5714 5.0773 -7 
-13.6682 7.16422 -14 
-20.3542 9.18552 -13 
-20.0649 18.2621 -6 
-14.302 12.1971 -20 
-15.7867 17.0096 -13 
-23.0981 16.6136 -6 
-21.0203 20.5838 -12 
-23.7346 19.8226 -6 
-23.7489 18.409 0 
-23.2897 15.4556 0 
-22.9539 15.2222 6 
-22.0625 13.3273 12 
-19.3719 10.6544 13 
-19.2427 10.0846 12 
-16.2284 5.43277 14 
-17.1253 1.67259 13 
-13.0119 -0.188599 20 
-7.60859 0.846817 14 
-6.66547 -0.0701904 14 
-5.70735 -1.90022 14 
-5.08286 -5.20088 15 
-4.49022 -5.6393 7 
-0.426048 -3.77824 8 
-0.229218 -10.0943 7 
1.41294 -8.15681 8 
2.36026 -13.018 0 
5.28325 -9.77335 0 
7.63503 -9.90582 0 
7.85382 -11.7083 0 
11.1988 -7.41991 -8 
8.04753 -11.9604 0 
10.63 -9.02454 -22 
11.6801 -16.0269 0 
10.9442 -10.1434 7 
10.0325 -16.7533 0 
7.49525 -21.5503 0 
3.31271 -14.7827 0 
3.40157 -21.1839 8 
-0.184881 -15.7517 0 
-1.53168 -18.9193 7 
1.68897 -14.9845 0 
-0.522251 -15.0917 8 
-4.49494 -12.4903 0 
-0.746298 -8.02069 0 
-5.50046 -10.7032 0 
-1.02974 -9.10611 8 
-6.09074 -9.86911 0 
-6.95597 -8.28488 7 
-2.7848 -2.98398 -7 
-5.63195 -7.80908 7 
-4.45774 -8.38351 8 
