-0.166813 0.245167 0 
0.984989 0.583805 0 
-0.591164 0.547058 0 
0.268318 0.14999 0 
-0.357086 -0.464516 0 
0.42749 -0.599445 0 
0.379219 -0.2229 0 
-0.201233 -0.114132 0 
-0.491734 -0.326653 0 
0.98008 0.236973 0 
0.22496 0.320675 0 
-0.193298 -0.498566 0 
0.402515 0.264668 0 
-0.069519 -0.884026 0 
-0.163425 -2.22222 0 
0.787395 0.563389 0 
-0.752705 -1.4457 0 
-0.988976 -3.52779 0 
0.875553 -0.929585 0 
0.732479 -2.92329 0 
-0.14468 -2.52362 0 
0.837379 -3.51407 2.5 
-1.25182 -5.39431 0 
1.36266 -4.63155 3 
0.0519218 -8.16145 0 
0.136158 -6.84914 5.5 
0.766453 -8.48637 0 
0.678822 -6.77557 2.5 
0.9184 -5.15825 3 
1.22177 -4.1359 0 
-0.106487 -4.53127 5.5 
-0.181934 -7.30144 3 
1.1979 -5.60507 3 
-0.474613 -5.58614 3 
0.861732 -6.17395 3 
-0.278694 -3.72369 3 
2.03934 -6.21519 3 
2.314 -2.15561 0 
-0.763634 -5.95761 6 
0.23391 -1.64966 0 
-1.04803 -1.34978 0 
-0.743412 0.505493 0 
1.05029 4.03763 0 
-1.09418 3.10255 -6 
0.749634 4.32042 0 
-2.61649 6.36021 -3 
0.281807 5.06633 0 
0.513245 7.13548 -6 
-0.934898 5.47282 3 
0.263103 6.39001 -9 
-1.13662 5.6291 -3 
-0.331589 5.31975 -5.5 
-1.31141 6.87803 0 
-0.224518 5.25358 -3 
-0.573555 9.9042 -2.5 
-0.345348 8.6453 0 
-0.335701 6.7812 -5.5 
-0.427567 6.01593 -3 
0.317593 9.30631 -2.5 
0.190063 8.82811 0 
-1.38472 6.78364 -2.5 
0.474018 8.58878 -5.5 
-0.726131 7.63213 0 
-0.441742 7.88826 0 
0.12149 6.93223 0 
-3.25324 7.69703 0 
-3.16597 3.12091 0 
-1.19761 8.57085 0 
3.33824 3.04364 0 
-2.64655 5.66176 0 
-1.62893 5.16052 0 
0.0569 4.12879 0 
-4.67541 2.94214 2.5 
2.05048 3.78094 -2.5 
-3.10674 2.26368 5.5 
0.439247 2.12468 0 
-0.0663376 0.978165 0 
-0.980721 2.11523 0 
-2.75838 1.38437 0 
3.38171 3.07717 0 
-1.80995 2.14962 0 
-3.41469 1.14278 2.5 
-1.38117 3.31186 2.5 
-0.424477 3.24687 0 
1.55571 3.6266 -2.5 
2.91589 4.41608 0 
-3.53538 -0.431301 2.5 
0.435478 -0.566242 0 
-1.95181 -3.10254 3 
1.47644 -2.1203 -3 
1.07665 -1.97655 0 
2.45867 -1.74089 0 
-2.32312 -6.59525 0 
2.35693 -0.971584 0 
-0.327896 -4.38774 -2.5 
0.0753021 -6.41487 0 
2.89215 -0.978329 0 
-1.66349 -4.42343 0 
-0.691154 -4.7949 0 
1.25925 -5.22571 0 
-1.65271 -6.89498 0 
0.121231 -5.45483 0 
2.90382 -1.92094 0 
0.906097 -7.29382 0 
0.12323 -4.20997 -2.5 
2.29613 -6.02754 2.5 
-1.58851 -5.08281 0 
1.30955 -4.32378 0 
0.273514 -5.92711 2.5 
0.73407 -5.20486 0 
1.22581 -4.9712 0 
0.348343 -5.12802 0 
1.02962 -4.67794 0 
-0.0402069 -4.92458 3 
1.28886 -6.77629 0 
0.968655 -2.83965 0 
-0.520439 -4.67302 5.5 
0.836559 -3.2916 0 
0.397385 -4.91663 0 
0.302631 -6.82339 0 
-0.213013 -0.771545 2.5 
-0.141453 -3.83602 3 
0.696072 -3.43868 3 
0.302605 -3.46139 0 
-0.0732346 -3.89648 2.5 
0.863213 -3.42688 0 
0.693645 -1.74095 3 
-0.184883 -6.20992 3 
-0.250854 -2.3543 0 
1.75209 -3.64639 0 
-0.297798 -1.78124 3 
-0.423916 -3.64499 0 
1.88104 0.0677643 3 
-1.93137 -1.47784 0 
1.73036 -0.796761 0 
0.518715 -2.27058 3 
0.330948 -4.72278 0 
0.435375 -3.78345 0 
0.437893 -1.56973 0 
1.02518 -3.13875 3 
-0.82568 -4.76852 6 
1.56688 -2.77184 0 
-1.75655 -4.61484 3 
1.03395 -3.95013 3 
-0.316998 -4.31711 0 
0.231678 -3.6546 3 
1.17249 -1.9828 3.5 
0.0716858 -3.38611 0 
-0.271076 -2.73811 3 
-0.581573 -3.24181 3 
-0.563103 -3.10403 0 
3.09306 -2.83871 0 
-1.54379 -6.12309 7 
2.5548 -1.39075 0 
0.610893 -2.53053 3 
1.62933 -4.10431 0 
-0.0377007 -1.5441 0 
1.65695 -0.380493 3.5 
-0.0229797 -1.37421 3 
0.0699196 -3.07422 0 
0.587517 -1.73688 3.5 
1.65829 -0.544876 0 
-0.666004 0.0262146 0 
0.508163 0.254181 0 
1.60545 -3.84544 3.5 
0.768242 0.17572 0 
-3.84664 -5.40065 0 
2.64695 2.85521 0 
2.95998 -0.592712 0 
0.644566 -0.930389 0 
-2.05244 -0.24733 0 
1.39955 -0.916443 3.5 
-0.954937 -0.250931 0 
-0.893478 -0.566467 0 
1.296 1.23586 0 
-0.667492 1.0334 0 
0.640255 0.449432 -3.5 
-0.914143 2.66135 0 
0.282421 3.46689 0 
-1.39548 2.61247 0 
-1.47605 3.68222 -3.5 
0.845619 6.8756 -6.5 
-1.95498 3.94975 -3.5 
0.249805 9.11217 -6.5 
0.140697 5.11951 -6.5 
-2.36295 9.00743 -3 
-1.0083 9.21326 -3.5 
-0.350674 6.68895 -6 
1.35206 9.77756 0 
-1.66009 8.76234 -6 
0.0840111 7.70708 -9 
-1.97057 8.84296 -3 
-1.97647 8.46811 -6 
-0.185421 12.7184 -3 
-1.88634 6.98874 0 
-0.755772 7.69711 -5.5 
-0.725986 9.2538 -3 
-0.332611 7.88121 -2.5 
-0.705894 6.26917 -3 
-2.15028 6.93922 0 
0.673763 8.1835 -5.5 
-2.59354 8.86381 3 
-0.80307 4.30727 -5.5 
1.16655 7.7149 0 
-0.66098 7.77292 0 
-1.63068 6.74996 -2.5 
1.11152 4.33027 0 
0.540344 3.17918 -3 
-1.74666 5.13096 -2.5 
-0.732243 2.06307 2.5 
0.551624 2.41444 -2.5 
-0.693218 4.76027 0 
-1.55098 0.178148 0 
-0.512489 2.65124 0 
-1.59647 -0.359182 0 
-0.249336 4.97785 0 
-0.00281525 1.55627 0 
-2.12132 0.73316 0 
1.23282 1.97164 0 
-0.918976 3.67671 0 
0.17057 2.46495 0 
-2.94311 1.97826 0 
-2.33487 0.641026 0 
3.15717 5.35833 -2.5 
-1.54351 1.76069 2.5 
-0.196037 2.83932 0 
-0.144539 2.17171 0 
1.11651 2.99025 0 
-1.27383 2.92553 0 
0.517693 4.58229 2.5 
-1.55211 0.307926 0 
-0.121201 2.62625 3 
-0.0091095 3.18222 0 
-0.60379 4.24822 2.5 
0.147324 2.12444 0 
-0.558632 2.53044 0 
0.226418 2.88957 0 
-1.59886 2.50529 2.5 
0.64962 2.76684 0 
0.706726 2.42447 0 
-0.383217 2.04377 0 
0.603355 0.97023 0 
0.111931 1.76486 0 
-0.424637 3.12708 0 
0.834663 0.81002 3 
0.244827 1.13999 0 
-0.351135 1.28599 0 
0.366325 0.187263 2.5 
0.527313 2.37745 3 
0.00801849 0.211563 0 
-0.369858 3.01918 0 
1.28925 -2.2344 0 
0.0675812 0.858559 0 
0.15934 0.533783 0 
1.11434 0.0892868 0 
0.715614 -1.43353 2.5 
0.901848 -1.80975 -2.5 
0.211388 -2.18913 2.5 
1.4146 -2.6582 0 
1.86829 -3.71457 0 
2.72064 -5.29365 -2.5 
2.26123 -4.65992 2.5 
1.974 -7.87982 0 
3.27536 -8.30432 -2.5 
2.73827 -8.72077 -3 
8.52892 -7.4007 -2.5 
1.06144 -9.67362 0 
9.44506 -7.01172 -3 
-0.876732 -12.7729 5.5 
9.39117 -6.03495 -5.5 
4.20876 -10.5535 3 
7.2777 -6.51914 0 
6.25249 -8.13916 2.5 
3.83597 -10.3646 3 
5.267 -7.49732 2.5 
6.89543 -6.19847 3 
2.71247 -8.15106 3 
5.18359 -5.96138 5.5 
1.49298 -4.73083 3 
2.85416 -7.65007 3 
1.76646 -5.90121 6 
2.07632 -5.28265 0 
2.76457 -3.09417 3 
3.7805 -5.11861 6 
2.4285 -2.97157 3 
0.988285 -1.91644 3 
4.18062 -2.94695 3 
1.61053 -2.3672 0 
3.1 -2.35748 6.5 
1.09771 -3.69621 0 
1.45804 -2.37909 3 
2.76415 -1.96387 3.5 
2.44296 -0.344109 0 
1.37642 -5.00983 3.5 
1.38084 -2.44395 3 
0.331062 -2.07607 3.5 
1.95298 -2.6063 0 
-0.146637 -3.8119 0 
-0.375103 -1.596 6.5 
0.631969 -2.60107 0 
1.58801 -3.85899 0 
-3.16486 -1.3632 3.5 
2.3658 -3.29587 0 
-1.1099 -1.1946 0 
-0.72039 -2.88162 0 
-0.672718 -0.305786 0 
-0.412621 -3.10214 0 
-1.80127 -1.20023 3.5 
0.112656 -3.28136 0 
0.382088 -1.06303 0 
-2.8974 -2.97881 7 
0.248386 0.296295 -3.5 
0.548656 0.942856 -3.5 
1.07113 0.751205 0 
1.112 1.85033 0 
-0.56147 2.5231 0 
1.72547 4.03802 -3.5 
-1.92419 4.44849 0 
0.022522 3.82216 -3.5 
0.325481 6.49416 -3.5 
0.315132 6.86319 -6.5 
-0.498592 5.97002 -3 
0.180176 6.8196 -3.5 
-1.02238 6.86956 -3.5 
1.42486 8.20716 -3 
-1.44409 7.3651 -3 
0.383392 7.08342 -6.5 
-3.11848 7.09086 0 
-0.73724 5.6602 -6 
-0.136738 7.57183 3 
-3.64242 6.30764 -6 
-4.40647 5.03628 0 
0.921928 7.17493 -6 
-2.6298 6.48419 3 
-0.155186 3.41995 -3 
-2.49199 5.22762 -6 
-2.63692 4.89635 3 
-3.02179 -0.275721 0 
1.68761 7.0754 -6 
-0.998531 4.61903 0 
-1.45181 4.6947 -3 
-2.32666 6.36994 3 
-1.55917 4.18497 -3 
-0.941816 5.25013 0 
-2.59075 5.16568 0 
-1.08331 6.35953 0 
-1.07411 5.72135 3 
-1.02046 4.89543 0 
-0.989723 5.34198 0 
0.427008 4.46587 0 
-2.23898 4.83051 3 
0.0039959 3.27283 0 
-1.14745 4.52526 0 
-1.35689 3.86057 3 
-1.44788 3.11001 3 
-0.788297 3.3932 0 
-1.09476 3.31521 0 
-0.144587 1.75664 3 
-1.7587 2.64346 0 
-1.2435 3.46908 0 
-0.0921483 1.60214 3 
-0.465874 1.91277 -3 
-2.12386 3.68729 6 
0.235618 2.34759 -3 
-0.214248 1.91265 3 
-0.467858 1.98341 0 
-0.146684 3.02328 3 
-0.824333 0.961395 0 
-0.701242 3.66229 0 
0.573556 1.30937 3 
-0.283889 2.09145 3 
-0.213295 -1.72878 0 
-0.313151 -0.870949 -3 
0.335436 -1.30371 0 
0.236029 -4.08321 0 
0.882721 -4.91383 -3 
-0.528703 -2.29276 -3 
-0.0170474 -3.36538 0 
0.272856 -2.66064 0 
-1.00187 -4.25513 -3 
1.06892 -2.39336 -3 
-0.834071 -4.19256 0 
0.336788 -4.21577 0 
0.285582 -3.22728 3 
-0.428399 -4.86255 -3 
2.15524 -4.16946 -3 
-0.511092 -4.9617 0 
-0.668033 -5.77844 3 
0.306695 -5.40599 -3 
-0.383163 -6.87727 0 
0.210529 -5.87606 0 
1.88363 -5.92485 0 
-0.127209 -4.76506 0 
1.08325 -4.91552 -6 
-0.0173073 -5.14048 3 
0.823935 -5.21662 0 
-3.76181 -11.4561 6 
4.9641 -1.34814 -3 
-0.439642 -6.3726 -3 
0.723369 -5.41053 3 
0.808874 -2.86965 0 
-0.545245 -4.90845 0 
-0.300611 -7.12807 0 
0.206548 -1.01303 0 
0.360745 -3.70298 3 
2.01892 -5.46296 -3 
0.883956 -2.52424 3 
-0.218778 -5.12462 0 
0.194212 -2.89628 0 
-0.136218 -4.14467 0 
0.136556 -3.35558 0 
0.223834 -4.26937 0 
0.743127 0.00350952 3 
-1.29056 0.117668 3 
0.607068 -3.30133 -3 
0.147826 -5.19708 3 
1.08524 -1.55822 3 
0.545964 -5.85517 0 
-0.781321 0.203568 0 
0.32036 -2.24816 0 
-0.21858 -2.4883 0 
0.666429 -1.2463 3 
-0.421854 -2.811 -3 
0.455156 -2.01717 0 
-0.157046 -0.574677 3 
-0.211007 -3.01556 0 
0.93643 -3.222 0 
-1.43469 -0.470512 0 
0.744786 -2.04494 3 
-0.277918 -1.76365 -3 
0.172388 -2.56219 6.5 
-0.0625448 -4.13814 0 
-0.467316 -1.1081 3 
0.142559 -2.32025 0 
0.364334 -0.667496 0 
0.0629463 -0.803894 0 
-0.221626 -3.56939 0 
0.464483 -0.876877 3 
-0.266766 -1.21853 -3 
-0.36703 -4.23521 3 
1.03706 -2.24783 3.5 
-0.144986 -1.51045 -3.5 
0.836148 -1.62331 0 
0.246931 -1.51324 3.5 
-0.5425 -3.01454 0 
0.00782967 -3.89137 6.5 
1.09448 -0.137177 -3 
-0.412013 -2.7897 3 
1.18177 -1.27518 0 
0.146013 -1.12468 0 
-0.280214 -1.49449 0 
0.821568 -2.12259 3.5 
-0.446098 -1.04404 0 
1.41182 1.28511 0 
0.176308 -1.55576 3 
-0.529516 -1.20323 -3 
-0.0497303 -1.96779 6.5 
2.27561 -2.60089 0 
-2.27016 -1.84808 -3.5 
0.715298 0.623871 3.5 
0.267372 -1.97957 3.5 
-0.163055 -1.59959 0 
1.05334 -1.00697 0 
-0.115896 -1.86839 0 
-1.4562 -2.49718 0 
0.837059 -2.43243 3.5 
-0.788433 -1.43031 0 
0.730223 -1.2112 0 
-0.353966 1.19028 0 
0.704264 -1.64209 0 
0.108833 -6.14203 7 
-1.21645 -1.36288 3.5 
1.0113 1.66086 0 
-0.25609 -2.6263 3.5 
-0.580889 -4.03755 0 
0.415071 -2.43399 0 
1.4569 -2.56421 -3.5 
-1.46452 2.98824 3.5 
0.322992 -5.44176 3.5 
0.0202408 -2.20651 4 
0.790737 -1.35066 0 
0.54125 1.05228 3.5 
0.049118 -0.77034 0 
0.661562 -0.825912 -3.5 
0.0894012 -1.56189 3.5 
-0.494244 -1.15419 3.5 
1.14521 -0.885468 -3.5 
1.94014 -0.307877 3.5 
-3.14967 -4.38417 0 
-0.203865 2.83324 0 
0.308744 -1.55019 4 
0.746334 -0.177383 -4 
-0.981773 -3.14632 0 
-0.402811 -0.529205 0 
0.175352 1.82101 4 
-0.90312 -2.73648 -4 
0.218527 -0.324158 0 
0.628189 2.51624 0 
-0.792459 -3.64308 0 
0.860577 -1.70894 0 
-0.143564 3.47813 0 
0.0644703 -0.429504 4 
-1.10853 -5.63773 3.5 
-0.0637875 3.63873 0 
2.81484 -0.697037 -3.5 
0.560465 -0.823608 3.5 
-2.97477 -0.327042 4 
-0.239698 -3.99954 -4 
0.767536 1.44818 4 
1.94917 -0.918976 0 
-0.138847 1.56393 -7.5 
0.247581 -2.46957 3.5 
-2.81972 -0.053421 4 
2.85992 -1.36122 0 
-2.80782 0.847015 0 
1.06599 -2.1797 0 
1.63762 0.658203 0 
0.729691 -5.73154 0 
-0.157295 4.54762 0 
-3.18347 0.305496 4 
-0.0553493 -0.0335846 -4 
-1.03999 0.319351 0 
3.34624 -0.820175 0 
-2.88842 0.890533 0 
-0.0436916 1.62685 0 
-0.585026 -0.927094 -4 
-0.757429 4.92729 -7.5 
-1.00933 3.45511 0 
0.931595 4.29494 -3.5 
-0.950583 9.0231 0 
0.749374 7.79796 -7.5 
2.23023 4.69034 -7 
-2.57306 7.49191 -3.5 
1.16164 5.71324 -3.5 
1.71063 5.76126 -7 
-2.87042 6.00371 0 
1.08325 5.61226 -3.5 
-1.64905 6.32161 -6.5 
0.905888 3.73978 0 
1.64191 6.18053 0 
-1.60743 2.66164 -3.5 
-0.548271 4.93037 -6.5 
0.494406 3.10173 3.5 
-0.919569 2.91985 -3.5 
1.06104 4.206 -3.5 
-1.20733 2.87051 0 
0.912992 4.62918 0 
-0.15258 4.22536 -3 
-0.606197 3.29671 0 
0.0707912 4.12371 -3 
-0.403821 5.25348 -3.5 
0.247074 3.51574 0 
-0.654185 4.02835 -3 
0.620239 0.923645 0 
-1.35661 5.15787 -3 
0.458619 3.55097 0 
-0.923919 3.8216 0 
0.339141 2.2982 -3 
-0.952752 3.30451 -3 
-0.181525 4.43405 0 
0.499801 1.3418 -3 
-3.6633 4.0725 3 
2.6527 4.69022 -3 
-1.56259 1.87731 -3 
1.12445 5.93531 0 
-1.08929 2.77733 0 
0.242977 1.77966 -6 
0.236023 -0.210255 -3 
0.335687 2.7103 0 
-0.956236 2.77383 0 
-0.748182 6.2063 3 
-0.0417013 3.66423 -3 
0.938443 0.509573 -3 
-0.195215 5.10308 3 
-3.4417 -0.80195 0 
2.99201 6.30467 -3 
-0.0850983 3.81532 -3 
0.714493 3.76171 0 
-1.41688 4.01525 3 
1.2169 3.04506 -3 
-0.836275 2.48802 0 
-0.659026 2.49132 0 
-0.626479 3.18002 0 
-0.528059 2.65656 -2.5 
-0.186448 2.71768 0 
-0.0892458 1.66982 0 
-0.661692 2.09627 0 
-1.8318 1.91392 2.5 
2.1513 3.34356 -2.5 
-0.529046 4.03502 2.5 
-1.75108 1.57389 0 
1.21666 3.24106 -2.5 
-0.987002 3.17624 5.5 
0.588533 6.74958 -3 
0.90278 1.19881 0 
-0.423301 3.18547 -2.5 
-1.26956 4.43019 0 
-1.3938 1.52537 5.5 
1.05788 4.3008 -3 
-0.574564 2.37956 3 
0.714946 3.74477 0 
-2.47827 2.45784 3 
0.00937867 3.10172 0 
1.03429 3.71677 0 
-0.650505 3.36153 3 
-0.626733 2.18699 -3 
0.249053 4.85789 0 
0.351518 1.14911 3 
-0.456996 2.48016 3 
0.23468 3.13925 0 
-0.699891 2.54986 3 
-0.125435 1.74368 0 
1.15558 1.86065 0 
-1.89932 3.76413 3 
-0.795953 1.36086 3 
-0.244691 1.91331 3 
-0.528398 2.09444 0 
0.00446827 1.70594 0 
0.445693 2.21172 3 
-0.184394 1.8885 0 
-0.157388 1.08424 -3 
-1.38482 -0.0649796 3 
-0.296415 2.12494 0 
-1.38312 -0.865761 0 
1.00078 1.90791 0 
-1.00422 -0.674629 0 
0.850718 1.23077 0 
0.189929 -0.726189 0 
-0.497633 -0.252769 0 
-0.0906606 0.488747 0 
-0.127627 -2.15643 0 
0.544378 -1.2925 0 
-0.382784 -2.64225 0 
-0.112811 -1.94912 3 
0.679964 -1.48149 -3 
-0.291636 -3.82976 0 
1.01638 -2.88143 0 
0.116068 -5.64312 -3 
0.194962 -2.4691 -3 
-0.400697 -5.82812 3 
0.69342 -3.17136 -3 
0.376829 -6.21121 3 
-0.868103 -4.64756 -6 
0.289753 -4.13211 6 
-0.228905 -3.86734 -3 
-0.645518 -4.22929 0 
3.23808 -3.10509 -3 
0.735279 -3.28997 0 
-1.21811 -6.02331 0 
0.448056 -3.79106 0 
1.89581 -2.327 -3 
-0.19862 -4.54246 3 
-0.0174732 -6.50635 -3 
-0.15057 -2.29483 0 
1.38172 -2.70106 3 
-1.69834 -4.54287 0 
1.30915 -0.601565 0 
-1.63312 -4.43088 0 
2.84829 -4.70416 -3 
-0.968117 -5.0463 3 
1.62441 -1.27177 0 
0.570883 -3.07228 0 
0.840236 -3.69649 0 
1.03896 -4.13842 -3 
-0.240966 -3.17261 3 
0.918076 -3.80247 0 
0.42768 -3.25887 0 
0.774295 -4.57184 0 
-2.3664 -7.38814 3 
4.8217 1.17422 0 
0.134172 -3.17429 0 
0.166537 -4.84225 -3 
1.27318 -3.68534 3 
-0.849775 -1.83077 0 
0.559157 -3.97455 3 
1.56434 -1.82458 -3 
-0.327793 -1.69752 3 
0.406322 -3.16829 0 
-1.25883 -1.7853 3 
-0.0441847 -2.6605 0 
0.551029 -2.85789 -3 
-1.08899 -1.35052 3 
1.28637 -5.68412 0 
-1.62995 -2.60645 3 
0.424754 -1.21557 0 
0.462901 -5.45119 0 
-0.842605 -1.92857 0 
0.857638 -2.93731 0 
-0.815972 -2.36425 3 
0.523207 -4.98599 0 
-0.161107 -1.63255 3.5 
3.37779 -8.22035 -3.5 
-1.48146 -2.24918 0 
-1.22253 -0.632484 3.5 
-0.305851 -0.624146 3 
0.511755 -4.12093 0 
0.649848 -2.49021 0 
0.920609 -3.59156 3 
1.87506 -5.33976 -3 
-1.41503 -0.467392 3 
1.44778 -2.5556 0 
0.214386 -3.57496 3.5 
-0.652033 -1.25378 0 
2.89165 -5.10773 -3.5 
-2.52578 1.22636 3.5 
1.43633 -4.81104 3.5 
0.594305 -2.84567 3 
0.301561 -3.34404 0 
-1.77329 -1.56802 0 
-0.193165 -1.11946 3.5 
0.490362 -4.61523 0 
0.178278 -3.25121 0 
0.0688133 -1.94827 3 
-0.309095 -2.9713 0 
-0.908468 -0.779648 7 
0.962147 -2.06053 -3.5 
-0.459724 -3.09283 3.5 
0.573313 -2.67325 0 
-1.61801 -2.07777 3.5 
0.621696 -1.52744 0 
-0.3342 -4.90317 0 
0.266922 -1.58391 10.5 
0.233757 -5.23056 0 
1.64186 -2.8501 0 
-0.910915 1.5995 3.5 
-0.56649 -2.37137 0 
-0.514542 -2.66704 3.5 
-0.241705 -1.8804 0 
0.837542 -0.766754 4 
-0.889698 -4.79366 3.5 
-0.351614 -1.04704 0 
1.46639 -0.76799 0 
-1.15985 -0.13884 0 
-1.67901 -3.29451 0 
1.0483 2.90608 3.5 
-0.547768 -3.6312 0 
-0.113169 -1.29283 0 
-0.538777 -0.175293 0 
0.995202 -0.534485 0 
-1.34884 0.816071 4 
-0.625087 -1.37569 0 
0.569277 2.2291 -4 
2.20615 -4.01924 0 
-2.69153 1.72368 0 
0.189795 3.79826 0 
0.0612679 -2.99345 0 
0.728892 4.03897 0 
0.0177107 0.328537 0 
0.908908 2.46103 -3.5 
-0.260105 -1.07442 -3.5 
2.06908 4.47899 0 
0.558523 1.01335 0 
-0.806597 3.05403 0 
0.308256 3.25275 -4 
0.483648 0.553192 -3.5 
0.587614 2.57037 0 
0.314219 4.26625 -3.5 
0.621714 4.48605 -3.5 
0.507334 5.56085 -7 
0.932104 3.16228 0 
0.00815392 6.52628 0 
1.72343 2.2991 -3.5 
-0.584255 4.60231 0 
0.235796 3.56438 -3.5 
0.67738 5.89793 0 
-0.85701 4.21375 -6.5 
0.0194187 4.10693 0 
0.233089 4.8829 -3.5 
0.86713 3.0805 -3 
0.066658 4.38016 0 
-0.0305214 5.3048 -3.5 
0.358265 0.0557632 0 
-1.3295 8.83318 -3.5 
-0.240997 3.18176 0 
-0.559063 5.97634 -3 
-0.0140877 4.81777 0 
-0.608074 4.38694 -6.5 
0.727848 6.97729 0 
-1.04504 6.47681 -3 
-0.683357 5.43108 0 
-0.903217 6.58627 -3 
-0.22699 4.33549 -3 
-0.17771 3.5691 0 
0.699379 7.89796 -6 
-0.425611 7.17794 0 
-0.613462 6.04907 0 
0.422817 8.20214 0 
-0.61952 4.80714 -3 
-0.477707 4.41389 0 
-0.563328 6.30713 0 
-0.130579 3.83928 -3 
0.0586567 3.2525 0 
-1.34831 4.98051 -3 
1.24292 3.16563 0 
-2.45664 3.9023 3 
-0.252144 3.69774 3 
-0.327224 3.48052 -3 
-0.566088 3.31131 0 
-0.267508 3.5523 -3 
0.546305 4.08769 0 
-2.32385 1.42047 3 
2.17963 4.27042 -3 
-0.530227 2.87693 0 
-0.633872 0.0375366 3 
0.84844 4.41633 0 
-0.580911 1.07504 3 
1.12421 1.74987 -3 
-0.688325 1.00288 0 
0.127109 -0.0986176 0 
-0.124164 2.24056 -3 
-0.495327 1.56651 3 
0.615149 1.54474 -3 
-0.375826 2.57067 0 
-0.965716 -1.32404 3 
-0.716698 2.50855 0 
1.57288 1.33995 3 
0.510243 4.33381 -3 
-1.97049 -0.426796 0 
0.783378 1.33036 3 
1.3413 3.02897 -3 
-0.388012 0.480309 0 
-1.17763 1.69014 3 
-0.138194 -0.091114 0 
1.33162 1.83272 0 
-0.375345 -2.00834 0 
0.162178 1.09973 0 
-0.21 -1.49852 0 
0.70013 -0.357868 0 
0.881884 1.60981 -3 
1.03518 -1.66245 3 
0.327381 -0.75346 3 
0.286839 -2.00095 0 
1.50306 0.180775 -3 
0.56208 -1.25853 0 
0.754 -3.87566 0 
1.30078 -1.81892 0 
0.45924 -2.35262 0 
0.314964 -4.12372 -6 
0.79541 -3.24629 3 
-0.246525 -2.90299 0 
0.117935 -3.14518 0 
0.19895 -4.07075 0 
-1.04271 -5.03385 0 
1.1346 -2.08579 -6 
-0.405027 -5.20661 3 
-0.128239 -3.23388 0 
0.239513 -3.51695 3 
-0.0332642 -2.13078 -3 
0.610899 -3.71974 0 
-0.050848 -4.78074 0 
-0.905291 -2.95011 3 
-0.00697517 -4.37137 0 
-0.155912 -3.05418 0 
-0.307619 -6.14505 0 
-2.6729 -7.20832 3 
2.55066 -0.781338 0 
-0.0705585 -4.30347 0 
-0.196283 -4.18 0 
0.706751 -4.12917 0 
-0.638828 -1.9413 0 
0.522989 -5.18274 0 
-0.663008 -2.25671 0 
0.988703 -2.79789 0 
-1.17351 -2.97114 3 
-0.147057 -4.71965 0 
0.0473328 -0.64579 3 
1.0077 -2.64136 0 
0.333561 -2.837 3 
0.274801 -2.00893 0 
0.859648 -3.09194 3 
-1.04457 -3.42505 0 
0.566772 -2.30692 3 
0.64254 -2.53321 -3 
-0.193613 -2.53654 0 
1.43452 -4.02985 0 
-1.45144 -3.24246 6 
0.843332 -2.91269 -3 
0.314917 -3.01884 0 
-0.219528 -2.6924 0 
-0.381805 -3.62541 6.5 
0.519321 -3.44649 0 
-0.704233 -0.964111 3 
0.272171 -5.47063 0 
-0.0863094 -1.10268 0 
-1.50786 -1.44617 3 
-1.09137 -2.72617 3.5 
-0.674982 -2.30529 3.5 
0.496149 -2.616 -3.5 
1.43476 -3.43248 0 
0.172869 -1.07347 3.5 
-0.0529861 -3.56009 0 
-0.305544 -2.24213 0 
0.208715 -1.3734 3 
0.379894 -2.59973 0 
-0.369278 -2.45827 3.5 
-1.6083 -0.747894 0 
2.08152 -2.94659 0 
-0.959229 -1.7659 0 
0.636444 -2.52243 0 
-1.69833 -0.132736 6.5 
0.64646 -2.55226 3.5 
-0.158689 -2.96808 0 
0.813066 -1.79791 0 
0.904919 -3.56451 0 
-0.739141 -1.35092 0 
-0.670444 -2.04166 3.5 
0.291834 -1.88168 -3.5 
-0.323109 -1.881 3.5 
0.198593 -1.62041 7 
0.468971 -1.77364 0 
-1.05158 -1.51459 3.5 
-0.859348 -5.02287 0 
-0.0516777 -1.63611 0 
0.889477 -2.65915 0 
-1.2137 -1.76137 3.5 
1.61262 -3.39366 0 
0.263546 -0.0872345 0 
-1.40175 1.17702 3.5 
0.343866 -2.298 4 
1.80832 -0.27327 -4 
-0.149187 -6.36307 4 
-0.822784 2.65659 3.5 
0.206179 -2.39491 3.5 
0.541079 -1.85022 0 
-0.218102 -6.75386 0 
-0.102093 3.79808 0 
-0.82991 -3.41699 4 
-0.271233 -1.55 3.5 
-0.367729 -2.18124 -3.5 
0.672302 -1.49947 0 
0.213049 -1.21115 3.5 
-0.422033 -4.45711 4 
0.490658 1.31847 0 
-0.783316 -5.41714 0 
0.333527 -0.200699 0 
-0.321857 -0.370651 0 
1.61921 -4.33371 4 
-0.0108547 1.20337 0 
0.248703 2.47786 -4 
-0.399296 -6.85632 4 
1.32813 -0.845184 0 
0.735569 2.09843 0 
-0.179884 -1.06067 0 
-0.308989 0.30954 0 
-1.53918 3.30821 -4 
0.0338688 1.02939 0 
-0.469091 2.58916 -4 
0.819967 2.49838 0 
-0.0194874 4.43881 -3.5 
-0.447237 3.14789 -4 
0.309023 6.68414 -3.5 
0.15663 3.13306 0 
1.22886 4.33093 -3.5 
0.937153 5.66145 -7.5 
0.690119 7.35112 0 
0.773535 0.983887 -3.5 
0.908913 7.54572 -3.5 
0.357307 3.17918 -3.5 
0.405678 4.05869 -3.5 
0.623579 5.21646 -3.5 
-0.977232 5.48212 -3.5 
-0.0859337 1.33421 -3.5 
0.929827 2.72198 -3 
-1.58967 6.68272 -3.5 
-2.15041 4.07372 0 
-1.53049 4.94698 -3 
-0.357431 2.99264 -3.5 
-2.60547 6.40611 0 
-1.47725 6.86192 -3.5 
-1.14712 7.44904 0 
-3.215 3.89521 0 
-0.694243 4.85273 -3 
-0.779212 2.69463 0 
-2.25425 4.21159 -3 
-0.337421 4.86468 -3.5 
-1.6314 4.00041 -3 
-0.269915 2.8792 0 
-0.896107 2.79325 -3 
-1.1325 4.51466 0 
-0.0239449 3.05082 0 
-0.728846 5.23321 0 
-0.43451 2.08008 -9 
-0.0874238 3.8712 0 
-0.668567 5.18583 0 
-0.487878 0.706898 -3 
0.0933924 4.01006 0 
-0.434584 3.00362 0 
-0.739081 4.07541 0 
0.630627 2.38913 0 
-1.62015 2.04144 0 
1.2979 -1.35403 0 
-0.847439 3.17101 0 
-0.21099 1.99545 -3 
-1.14483 -2.22017 0 
-0.859043 2.2054 0 
1.66554 2.79116 0 
0.900851 0.571556 -3 
-0.271606 1.79416 0 
-0.670311 2.17145 0 
0.363268 2.36415 0 
-0.846588 -0.83934 3 
2.73797 4.89373 -6 
-2.66996 2.11879 0 
1.40958 2.59333 0 
-0.758338 0.65785 0 
1.04566 3.34138 0 
-2.44582 0.673636 0 
2.10753 3.48867 0 
-1.01942 2.99638 0 
0.937952 0.841148 0 
-2.42071 0.937996 0 
2.28103 2.36016 0 
-0.812667 1.27437 0 
-1.22348 0.909838 0 
0.0265726 1.80229 0 
-1.37524 0.710594 0 
1.03003 2.57669 3 
-0.861118 0.473196 -3 
-0.0855677 1.57121 0 
2.3921 2.70209 3 
-0.0474241 0.576532 0 
1.46387 1.93193 0 
-2.12425 2.10856 3 
1.15117 1.42409 -3 
-0.236217 1.47133 0 
-0.346766 1.1802 3 
0.266092 1.15809 -3 
0.0755379 1.26258 3 
0.398885 -1.31267 3 
0.345221 0.0510902 0 
0.252363 -3.8687 -3 
1.4108 -1.33273 0 
-0.804836 -3.35301 3 
1.91256 -1.90439 -6 
-1.52844 -3.38672 6 
2.20536 -0.950631 -6 
-2.61728 -5.72788 3 
2.05732 -1.85843 -3 
0.345335 -1.49596 0 
0.519805 -2.54089 -3 
0.474769 -0.970927 3 
-3.45707 -8.13452 6 
3.13518 0.39582 -3 
0.442944 -1.19474 0 
0.269705 -3.82834 -3 
-0.0569506 -4.62509 3 
-0.100024 -2.97348 0 
0.110246 -2.66061 0 
-0.646579 -1.11281 3 
-0.397218 -3.41372 0 
0.771699 -3.38797 0 
0.105 -1.527 0 
0.227941 -1.22445 0 
0.0476799 -2.28583 0 
0.271399 -2.4961 0 
-0.260672 -5.46692 3 
0.655177 -1.20209 0 
-0.0368967 -4.00334 0 
0.209754 -0.905766 3 
0.481164 -3.26204 0 
2.71039 -4.85632 0 
0.512023 -4.81446 0 
-0.876619 -3.04229 3 
-0.074584 -3.70602 -3 
-0.186907 -1.81644 3 
0.297894 -2.795 3 
0.629591 -3.92242 3 
-0.420886 -2.74361 0 
1.20478 -2.43147 0 
0.0620918 -3.11481 0 
0.646639 -2.70495 3 
0.767622 -3.35049 3.5 
-0.272703 -2.67399 0 
0.293798 -3.02267 0 
0.0451736 -3.47706 3 
0.0883923 -3.46969 0 
-0.102718 -3.72398 3 
0.733203 -2.3747 0 
-0.324966 -3.94807 0 
0.166941 -2.4014 0 
0.465157 -4.02257 7 
-0.0533867 -3.4274 0 
1.23369 -1.95487 0 
-0.957232 -4.8002 3 
0.318262 -1.50101 3.5 
0.295557 -1.44267 0 
-0.340887 -4.13123 0 
0.568753 -0.982651 0 
0.05653 -2.64006 3 
0.699681 -1.69406 3.5 
0.274805 -3.45302 3.5 
-0.767498 -0.727951 0 
0.761436 -3.90492 0 
0.720032 -3.0563 0 
1.29655 -0.911316 3.5 
0.0184231 -1.23366 0 
0.949186 -0.300476 0 
-0.231453 -2.90488 0 
-0.546566 -1.69646 3.5 
1.37058 -0.337311 0 
-2.19564 -0.719482 3.5 
0.26021 -3.17549 0 
0.691368 -3.57628 3.5 
-1.93718 -3.8786 0 
0.965351 -0.747681 3.5 
0.962593 -0.732697 0 
-0.439974 -1.57556 0 
-0.726078 -3.76045 3.5 
1.20891 -4.5065 4 
-0.838066 -2.9306 3.5 
0.0925884 0.924545 3.5 
-0.277977 -3.7393 0 
-0.467075 -0.934097 0 
0.651945 -2.06442 0 
-0.125851 -2.95903 0 
1.09356 -1.88417 4 
-0.452642 -2.41205 3.5 
-0.248117 -3.62701 0 
2.01784 1.96758 4 
-0.866087 0.557404 0 
0.85306 -2.28159 0 
-0.147469 -0.0280609 0 
0.934475 -2.18387 0 
2.79835 -3.11267 -4 
-1.5665 -0.810471 4 
3.62117 6.97139 -4 
-5.76416 -6.04147 4 
1.61825 0.116013 0 
-2.63144 -3.44415 4 
-0.562885 1.75467 0 
0.194365 -0.0753326 -4 
-0.733744 -0.716339 4 
1.02171 -0.942734 0 
0.544203 1.45663 -4 
-1.01068 -0.012558 0 
1.53564 -0.0818787 0 
-0.809963 5.0202 0 
2.43919 0.646362 -4 
-0.588051 1.62828 0 
1.66456 0.779587 0 
0.777334 3.97549 -3.5 
-1.80959 4.19946 -4 
-0.515392 1.40843 0 
1.36682 3.68636 0 
-1.22118 4.00986 -3.5 
0.195356 2.54976 0 
1.04952 4.56613 -3.5 
-2.68953 4.58636 -4 
0.550842 4.17552 -3.5 
-0.424633 3.76604 0 
-0.44722 3.71782 -3.5 
1.66817 6.9222 -10.5 
0.363922 2.85971 0 
0.098341 5.01683 -3.5 
-1.21485 6.2587 0 
0.572891 3.54591 -3.5 
-1.31644 6.77779 -3.5 
