1.34295 -0.21492 0.617904 1.19427 
1.34328 -0.212156 0.621783 1.15916 
1.34461 -0.209729 0.619501 1.09429 
1.34895 -0.204442 0.614923 1.00353 
1.35242 -0.2016 0.612875 0.979402 
1.35477 -0.20064 0.614705 0.936361 
1.34581 -0.212552 0.611891 0.877871 
1.34146 -0.218921 0.615902 0.843332 
1.34252 -0.218201 0.614482 0.807462 
1.34382 -0.218404 0.615296 0.784948 
1.34558 -0.217253 0.623388 0.745255 
1.33839 -0.224632 0.626922 0.700763 
1.33306 -0.23093 0.625693 0.675606 
1.33874 -0.222587 0.607535 0.655567 
1.3504 -0.20645 0.597918 0.623936 
1.35537 -0.200221 0.595143 0.594469 
1.35816 -0.195219 0.58713 0.571927 
1.3602 -0.19315 0.584369 0.565353 
1.36055 -0.190187 0.585563 0.552776 
1.36236 -0.187606 0.584498 0.537763 
1.36421 -0.184253 0.580238 0.52624 
1.3654 -0.183614 0.571832 0.523044 
1.36596 -0.182591 0.582881 0.512487 
1.3685 -0.181191 0.583479 0.523614 
1.36548 -0.184278 0.574882 0.523884 
1.36554 -0.185502 0.566651 0.554962 
1.36267 -0.188824 0.544564 0.623674 
1.35585 -0.19287 0.52793 0.724386 
1.34903 -0.202619 0.5178 0.864405 
1.33381 -0.219116 0.488826 1.0992 
1.31487 -0.237881 0.451089 1.50032 
1.2835 -0.263283 0.424337 1.79701 
1.25331 -0.289664 0.405341 2.06121 
1.21557 -0.324195 0.395144 2.0857 
1.18008 -0.354411 0.373236 2.0857 
1.14554 -0.386277 0.355399 2.0857 
1.10379 -0.423169 0.349535 2.0857 
1.0634 -0.45777 0.337189 2.0857 
1.01426 -0.50557 0.318617 2.0857 
0.960821 -0.554045 0.305193 2.0857 
0.923687 -0.58621 0.327192 2.0857 
0.875534 -0.633064 0.355677 2.0857 
0.825816 -0.680672 0.364388 2.0857 
0.777271 -0.725771 0.366896 2.0857 
0.721494 -0.778754 0.371491 2.0857 
0.674604 -0.825719 0.381363 2.0857 
0.621727 -0.873136 0.392094 2.0857 
0.574775 -0.917384 0.411062 2.0857 
0.521381 -0.965975 0.427018 2.0857 
0.467183 -1.0163 0.464736 2.0857 
0.42387 -1.05198 0.484297 2.0857 
0.36872 -1.0954 0.501258 2.0857 
0.334106 -1.11859 0.550081 2.0857 
0.282296 -1.15705 0.565444 2.0857 
0.257615 -1.16428 0.615597 2.0857 
0.222164 -1.18372 0.651777 2.0857 
0.187267 -1.19798 0.698442 2.0857 
0.154163 -1.2114 0.750572 2.0857 
0.119066 -1.22885 0.792451 2.0857 
0.0822792 -1.22577 0.826039 2.0857 
0.0379129 -1.22479 0.848668 2.0857 
0.00901194 -1.21273 0.883479 2.0857 
-0.0189899 -1.19534 0.913219 2.0857 
-0.0420601 -1.18581 0.958555 2.0857 
-0.0733782 -1.17117 0.98644 2.0857 
-0.113363 -1.15134 1.01475 2.0857 
-0.15467 -1.12208 1.03094 2.0857 
-0.177351 -1.10504 1.07111 2.0857 
-0.196659 -1.0869 1.1072 2.0857 
-0.216596 -1.07306 1.13962 2.06873 
-0.238915 -1.04999 1.16242 2.04004 
-0.251373 -1.04313 1.20275 2.03018 
-0.267076 -1.02061 1.22074 2.00521 
-0.282291 -1.00183 1.24939 1.98137 
-0.297198 -0.973255 1.24408 1.93862 
-0.308485 -0.96201 1.25947 1.91425 
-0.318264 -0.947444 1.2766 1.89067 
-0.31695 -0.945377 1.30978 1.87165 
-0.331303 -0.940945 1.34094 1.86274 
-0.333187 -0.90697 1.34765 1.8184 
-0.34987 -0.878236 1.3446 1.78326 
-0.334656 -0.889057 1.37065 1.76971 
-0.308471 -0.905468 1.41626 1.77941 
-0.306475 -0.885956 1.42201 1.74685 
-0.300061 -0.855044 1.44691 1.70612 
-0.303878 -0.815467 1.45994 1.65772 
-0.297696 -0.793118 1.47994 1.61632 
-0.289275 -0.748119 1.48876 1.55029 
-0.264119 -0.744936 1.52992 1.53147 
-0.22025 -0.749468 1.5446 1.53049 
-0.192052 -0.758427 1.5446 1.51377 
-0.159867 -0.777708 1.5446 1.51855 
-0.12921 -0.786919 1.5446 1.49294 
-0.103699 -0.808314 1.5446 1.46995 
-0.0796309 -0.802353 1.5446 1.43199 
-0.0662763 -0.786601 1.5446 1.38202 
-0.0473253 -0.773223 1.5446 1.33357 
-0.0278618 -0.775785 1.5446 1.30054 
-0.0189556 -0.770775 1.5446 1.25647 
-0.00516738 -0.764647 1.5446 1.21472 
0.0316167 -0.741868 1.5446 1.16014 
0.0546858 -0.719595 1.5446 1.09731 
0.113039 -0.719814 1.5446 1.05977 
0.160496 -0.69573 1.5446 1.01208 
0.187226 -0.710392 1.5446 0.989787 
0.232243 -0.703306 1.5446 0.964982 
0.275501 -0.691239 1.5446 0.932171 
0.312813 -0.687795 1.5446 0.898622 
0.361459 -0.694725 1.5446 0.868774 
0.406316 -0.69897 1.5446 0.837803 
0.444227 -0.691682 1.5446 0.805145 
0.492531 -0.695465 1.5446 0.782498 
0.532657 -0.688314 1.5446 0.747734 
0.592347 -0.667998 1.5446 0.713396 
0.642214 -0.654102 1.5446 0.685513 
0.712175 -0.608749 1.5446 0.644632 
0.778478 -0.567219 1.5446 0.611493 
0.862267 -0.500385 1.5446 0.566225 
0.944617 -0.446745 1.5446 0.537504 
1.0096 -0.410218 1.5446 0.516423 
1.05589 -0.372349 1.53025 0.485892 
1.08717 -0.342811 1.46327 0.458228 
1.09153 -0.32428 1.38208 0.433901 
1.10178 -0.293766 1.27449 0.399719 
1.10296 -0.283278 1.1978 0.379435 
1.10638 -0.264102 1.09087 0.348731 
1.11359 -0.253291 0.999503 0.329783 
1.12641 -0.245667 0.915179 0.318918 
1.13681 -0.216982 0.800533 0.305179 
1.14887 -0.208562 0.710926 0.302907 
1.1628 -0.212867 0.651683 0.312039 
1.17487 -0.209947 0.587461 0.33052 
1.18364 -0.216756 0.54953 0.357594 
1.19498 -0.227163 0.504493 0.415867 
1.20232 -0.240632 0.474216 0.508459 
1.20758 -0.251037 0.425241 0.6356 
1.21239 -0.259195 0.371841 0.875571 
1.20557 -0.277141 0.348991 1.03183 
1.20965 -0.285452 0.334077 1.45843 
1.21148 -0.296815 0.3255 1.98149 
1.20249 -0.309246 0.314063 2.0857 
1.19021 -0.327163 0.311508 2.0857 
1.17696 -0.345368 0.307187 2.0857 
1.1697 -0.35381 0.310946 2.0857 
1.16552 -0.362827 0.311654 2.0857 
1.15138 -0.382627 0.314214 2.0857 
1.13311 -0.403873 0.307077 2.0857 
1.10663 -0.429677 0.293804 2.0857 
1.10577 -0.434121 0.317697 2.0857 
1.0981 -0.442738 0.318408 2.0857 
1.09616 -0.446228 0.328258 2.0857 
1.10247 -0.441877 0.33871 2.0857 
1.10464 -0.442823 0.360823 2.0857 
1.10806 -0.440378 0.36672 2.0857 
1.1109 -0.437472 0.37182 2.0857 
1.11363 -0.433693 0.367914 2.0857 
1.12513 -0.423219 0.354578 2.0857 
1.12984 -0.4207 0.352168 2.0857 
1.14463 -0.410428 0.368891 2.0857 
1.15103 -0.407678 0.380156 2.0857 
1.15318 -0.408768 0.386423 2.0857 
1.16792 -0.397097 0.425279 2.0857 
1.17115 -0.395509 0.416508 2.0857 
1.16932 -0.398409 0.413905 2.0857 
1.1676 -0.401111 0.416329 2.0857 
1.16791 -0.400736 0.405753 2.0857 
1.16659 -0.401285 0.39379 2.0857 
1.16362 -0.402918 0.381993 2.0857 
1.16 -0.405668 0.375558 2.0857 
