0.969655 -0.539581 0.0633238 1.26583 
0.735739 -0.75796 -0.156647 1.48072 
0.644023 -0.841759 -0.139897 1.41216 
0.553573 -0.9535 -0.165363 1.36576 
0.442177 -1.09073 -0.20077 1.35717 
0.29642 -1.26462 -0.240498 1.37947 
0.121843 -1.47431 -0.280732 1.4285 
-0.0278335 -1.67157 -0.296569 1.49303 
-0.112669 -1.80421 -0.271243 1.55944 
-0.157201 -1.87573 -0.221767 1.61046 
-0.185633 -1.914 -0.166041 1.64462 
-0.207043 -1.93696 -0.110351 1.67078 
-0.225942 -1.9515 -0.0558445 1.69233 
-0.244271 -1.9603 -0.00226085 1.71146 
-0.263167 -1.96425 0.0506414 1.72901 
-0.283307 -1.96364 0.10278 1.74552 
-0.305178 -1.95862 0.15372 1.76123 
-0.329102 -1.9494 0.20279 1.77627 
-0.355232 -1.93634 0.249228 1.79071 
-0.383509 -1.92001 0.292342 1.80455 
-0.413626 -1.90111 0.331626 1.81778 
-0.445016 -1.88045 0.366834 1.83031 
-0.476871 -1.85882 0.398 1.84205 
-0.508213 -1.83696 0.425407 1.85285 
-0.537993 -1.81548 0.44953 1.8626 
-0.56521 -1.79476 0.470978 1.87117 
-0.589021 -1.77501 0.490419 1.87852 
-0.608826 -1.75623 0.508528 1.88464 
-0.624289 -1.73825 0.525939 1.88967 
-0.635322 -1.72078 0.543215 1.89377 
-0.642024 -1.70349 0.560835 1.89724 
-0.644607 -1.68599 0.579197 1.90044 
-0.643319 -1.66792 0.598637 1.90383 
-0.638375 -1.64888 0.619444 1.90802 
-0.629903 -1.62845 0.64189 1.91381 
-0.61789 -1.60616 0.666245 1.92233 
-0.602143 -1.58138 0.692772 1.93523 
-0.582253 -1.55328 0.721678 1.95505 
-0.557657 -1.52075 0.752896 1.98547 
-0.527986 -1.4826 0.785507 2.03117 
-0.494255 -1.43849 0.816407 2.0953 
-0.460948 -1.39152 0.838667 2.17261 
-0.435479 -1.3498 0.843627 2.24534 
-0.420732 -1.32109 0.830193 2.29784 
-0.411944 -1.30549 0.807713 2.33082 
-0.4041 -1.29803 0.785718 2.35152 
-0.395536 -1.29415 0.76842 2.36456 
-0.38644 -1.29135 0.756506 2.37216 
-0.377418 -1.28858 0.749394 2.3757 
-0.369004 -1.28546 0.746241 2.37625 
-0.361566 -1.28192 0.74626 2.37474 
-0.355328 -1.27797 0.748781 2.37188 
-0.350395 -1.27364 0.753253 2.3682 
-0.346786 -1.26901 0.759225 2.3641 
-0.344451 -1.26411 0.766328 2.35983 
-0.343294 -1.25901 0.774263 2.35556 
-0.343184 -1.25375 0.782787 2.35138 
-0.343971 -1.24838 0.791706 2.34733 
-0.345497 -1.24294 0.800866 2.34341 
-0.347601 -1.23747 0.810146 2.33961 
-0.350126 -1.23201 0.819453 2.33588 
-0.352928 -1.22658 0.828719 2.33218 
-0.355876 -1.2212 0.837896 2.32845 
-0.358856 -1.21591 0.846952 2.32466 
-0.361772 -1.2107 0.855869 2.32074 
-0.364548 -1.20559 0.864639 2.31667 
-0.367124 -1.20059 0.873261 2.3124 
-0.369456 -1.19569 0.881742 2.30791 
-0.371516 -1.19089 0.890092 2.30318 
-0.373289 -1.18619 0.898324 2.29818 
-0.374768 -1.18158 0.906453 2.29291 
-0.375955 -1.17705 0.914495 2.28736 
-0.376859 -1.17258 0.922466 2.28152 
-0.377492 -1.16818 0.930384 2.27539 
-0.377869 -1.16381 0.938264 2.26895 
-0.378006 -1.15948 0.946125 2.26221 
-0.377921 -1.15516 0.953984 2.25515 
-0.377629 -1.15085 0.96186 2.24777 
-0.377148 -1.14651 0.969773 2.24005 
-0.37649 -1.14215 0.977742 2.23198 
-0.375669 -1.13773 0.98579 2.22354 
-0.374696 -1.13325 0.993944 2.2147 
-0.373581 -1.12867 1.00223 2.20543 
-0.372332 -1.12397 1.01068 2.1957 
-0.370953 -1.11913 1.01933 2.18544 
-0.369448 -1.1141 1.02823 2.17461 
-0.367819 -1.10886 1.03741 2.16313 
-0.366065 -1.10335 1.04695 2.15092 
-0.364182 -1.09753 1.05691 2.13788 
-0.362163 -1.09131 1.06738 2.12386 
-0.359999 -1.08464 1.07845 2.10871 
-0.357674 -1.0774 1.09026 2.09222 
-0.355168 -1.06947 1.10296 2.07416 
-0.352452 -1.0607 1.11674 2.0542 
-0.349487 -1.05089 1.13186 2.03196 
-0.346221 -1.03981 1.1486 2.00696 
-0.34258 -1.02714 1.16735 1.97861 
-0.33846 -1.01254 1.18856 1.94626 
-0.333719 -0.99558 1.21275 1.90918 
-0.32816 -0.975859 1.24046 1.86681 
-0.321526 -0.953088 1.27207 1.81909 
-0.313523 -0.927324 1.30755 1.76705 
-0.303929 -0.899274 1.34592 1.71342 
-0.292821 -0.870475 1.38493 1.66251 
-0.280783 -0.84311 1.42127 1.61813 
-0.268688 -0.81929 1.45198 1.58109 
-0.256993 -0.800092 1.47583 1.54943 
-0.245481 -0.78525 1.49334 1.52098 
-0.233728 -0.77383 1.50567 1.49423 
-0.221413 -0.764879 1.51396 1.46808 
-0.208301 -0.757599 1.51908 1.44168 
-0.194178 -0.751357 1.5217 1.4143 
-0.178816 -0.745645 1.52229 1.38525 
-0.161934 -0.740051 1.52115 1.35388 
-0.143193 -0.734257 1.5185 1.31957 
-0.122179 -0.728062 1.51446 1.28187 
-0.0984139 -0.721445 1.50913 1.2406 
-0.071373 -0.714646 1.50261 1.19605 
-0.0405282 -0.70819 1.49512 1.14894 
-0.00540248 -0.702772 1.48699 1.10026 
0.034385 -0.698994 1.47875 1.05084 
0.0791 -0.697086 1.47106 1.00109 
0.128883 -0.696791 1.46473 0.951021 
0.18372 -0.697412 1.46074 0.900517 
0.243372 -0.697904 1.46027 0.849619 
0.307324 -0.696939 1.46472 0.798728 
0.374788 -0.692975 1.47577 0.748716 
0.444826 -0.684382 1.49545 0.700947 
0.516568 -0.669641 1.52609 0.657207 
0.589409 -0.647613 1.57031 0.619551 
0.662996 -0.617853 1.63075 0.590042 
0.736852 -0.581004 1.70933 0.57034 
0.809636 -0.53927 1.80587 0.561041 
0.878469 -0.49661 1.91641 0.56086 
0.939088 -0.458079 2.03254 0.566542 
0.987116 -0.428303 2.14327 0.574473 
1.01962 -0.409997 2.23869 0.582475 
1.03615 -0.403269 2.3133 0.589353 
1.0388 -0.406004 2.36685 0.593686 
1.03111 -0.415123 2.4026 0.593717 
1.01663 -0.427805 2.42495 0.587593 
0.997769 -0.442163 2.43784 0.573296 
0.975242 -0.457434 2.44428 0.548118 
0.947239 -0.473974 2.44628 0.507381 
0.9075 -0.493274 2.44504 0.441357 
0.839303 -0.517447 2.44154 0.327547 
0.695359 -0.541156 2.44353 0.115459 
0.337649 -0.488099 2.52146 -0.250691 
-0.243781 -0.261543 2.70856 -0.478875 
-0.600886 -0.0622067 2.75308 -0.430859 
-0.702674 0.0246406 2.74894 -0.459286 
-0.725102 0.0537656 2.72005 -0.479959 
-0.727753 0.065201 2.70144 -0.480398 
-0.725681 0.069966 2.69728 -0.472348 
-0.722401 0.071847 2.7021 -0.462456 
-0.718717 0.0724274 2.71073 -0.452749 
-0.714775 0.072413 2.7202 -0.443632 
-0.710572 0.0721343 2.72906 -0.435144 
-0.706077 0.0717686 2.73672 -0.427282 
-0.701262 0.0714293 2.74293 -0.420048 
-0.696099 0.0712001 2.74759 -0.413446 
-0.690555 0.0711467 2.75067 -0.407479 
-0.684594 0.0713222 2.75217 -0.402148 
-0.678169 0.0717699 2.75209 -0.397447 
-0.671226 0.0725259 2.75041 -0.39337 
-0.663695 0.0736205 2.74712 -0.389912 
-0.655494 0.0750801 2.74219 -0.387069 
-0.646522 0.0769286 2.73556 -0.384841 
-0.636655 0.0791888 2.72716 -0.383237 
-0.625739 0.0818835 2.71688 -0.382273 
