1.37707 -0.190181 0.37683 0.621696
1.37385 -0.193441 0.368805 0.616869
1.37711 -0.189682 0.37767 0.657124
1.39103 -0.176539 0.377423 0.765012
1.39535 -0.17213 0.371727 0.865454
1.39457 -0.172652 0.374517 0.914556
1.39118 -0.175827 0.37488 0.92396
1.38328 -0.183003 0.374808 0.904005
1.37418 -0.190078 0.383162 0.886765
1.37495 -0.189898 0.384343 0.934201
1.36826 -0.196652 0.382878 0.912893
1.36277 -0.201759 0.388443 0.901628
1.36366 -0.201722 0.388912 0.910358
1.36393 -0.201681 0.387555 0.9035
1.36602 -0.199493 0.389579 0.925724
1.36617 -0.198906 0.385662 0.95522
1.36477 -0.201073 0.38346 0.922765
1.36424 -0.201519 0.380969 0.946086
1.35922 -0.206621 0.37844 0.916251
1.35929 -0.206732 0.382152 0.909809
1.3634 -0.202729 0.379198 0.940258
1.36032 -0.204835 0.384721 0.946473
1.36012 -0.205022 0.393415 0.928986
1.36291 -0.20242 0.392491 0.932869
1.36687 -0.198514 0.392812 0.96365
1.36902 -0.197355 0.390206 0.938891
1.36606 -0.200278 0.385099 0.920504
1.36982 -0.197117 0.386778 0.937652
1.37264 -0.19386 0.380117 0.932345
1.37213 -0.194565 0.389545 0.945067
1.37697 -0.190174 0.38929 0.942998
1.37995 -0.186847 0.392941 0.965675
1.37931 -0.187511 0.395851 0.925158
1.37572 -0.191108 0.404188 0.919721
1.37322 -0.192876 0.415684 0.895933
1.37363 -0.192316 0.417517 0.837307
1.37033 -0.193948 0.444573 0.836432
1.37096 -0.19249 0.459475 0.841395
1.37449 -0.189131 0.468874 0.79568
1.37737 -0.186488 0.476606 0.739391
1.37941 -0.184698 0.487448 0.690835
1.37977 -0.183987 0.509396 0.654315
1.37522 -0.187959 0.537416 0.646808
1.36773 -0.192154 0.569074 0.663149
1.36358 -0.194654 0.62245 0.65586
1.36246 -0.195879 0.668214 0.672554
1.35215 -0.202297 0.733181 0.734756
1.34316 -0.209421 0.797135 0.758878
1.33416 -0.215875 0.863461 0.846312
1.33181 -0.217112 0.942335 0.956064
1.33048 -0.217442 1.03923 1.09861
1.32848 -0.220498 1.14305 1.23206
1.31527 -0.231369 1.26842 1.38614
1.31064 -0.246862 1.39416 1.46516
1.29089 -0.274786 1.51254 1.46389
1.26364 -0.306995 1.5446 1.4778
1.22601 -0.344045 1.5446 1.53599
1.20347 -0.361372 1.5446 1.64698
1.15872 -0.395143 1.5446 1.65689
1.12186 -0.412119 1.5446 1.69892
1.08758 -0.420872 1.5446 1.76639
1.04929 -0.426934 1.5446 1.83051
0.957715 -0.482859 1.5446 1.80452
0.906551 -0.502233 1.5446 1.84115
0.84327 -0.54324 1.5446 1.87458
0.788439 -0.567315 1.5446 1.89717
0.736323 -0.583758 1.5446 1.91607
0.669304 -0.619761 1.5446 1.93769
0.618849 -0.657926 1.5446 1.97846
0.572695 -0.687392 1.5446 2.00451
0.526356 -0.71903 1.5446 2.03962
0.486398 -0.741378 1.52223 2.06506
0.458261 -0.756863 1.50696 2.0753
0.423553 -0.766466 1.48848 2.07998
0.373683 -0.767785 1.44767 2.07662
0.33548 -0.779813 1.42112 2.08176
0.289042 -0.782859 1.37925 2.07475
0.247859 -0.752832 1.32941 2.05993
0.210501 -0.723498 1.27672 2.05297
0.159758 -0.683452 1.21402 2.02514
0.120093 -0.628887 1.17858 1.99854
0.0758418 -0.566006 1.1327 1.97347
0.0343451 -0.492499 1.09203 1.93623
0.00286951 -0.426577 1.07256 1.87264
-0.0162596 -0.364174 1.05302 1.78693
-0.027743 -0.307272 1.03777 1.48962
-0.0526327 -0.260303 1.02146 0.60484
-0.0637876 -0.211026 1.01431 0.468141
-0.0831013 -0.166968 0.989592 0.822321
-0.0786984 -0.131403 0.987216 1.00399
-0.064991 -0.120629 0.98347 0.938935
-0.0854501 -0.115911 0.949495 0.881881
-0.0344424 -0.120865 0.998873 0.859847
0.0133292 -0.11007 1.04584 0.878869
0.0523683 -0.0955425 1.08657 0.898272
0.0291807 -0.0787965 1.08275 0.830002
0.0400597 -0.073627 1.1 0.81711
0.0452161 0.0140509 1.05718 1.0693
0.0879015 0.0599012 1.03911 1.21494
0.100459 0.115124 0.978834 1.30634
0.147616 0.118087 0.97006 1.32744
0.206204 0.128931 0.954618 1.34373
0.266884 0.141628 0.945932 1.35026
0.336871 0.155625 0.945603 1.32584
0.416173 0.166372 0.960134 1.29997
0.479767 0.169718 0.939375 1.25317
0.578883 0.157078 0.965663 1.15646
0.63318 0.149805 0.960596 1.0724
0.68746 0.143513 0.948043 0.973038
0.730321 0.126842 0.924766 0.860694
0.777235 0.105178 0.929472 0.741147
0.826918 0.0640918 0.921904 0.597412
0.863526 0.0309003 0.891631 0.481922
0.902301 0.000503242 0.876144 0.385054
0.927421 -0.0125569 0.869621 0.309374
0.96286 -0.0391258 0.86329 0.238155
0.996065 -0.0546249 0.854621 0.176486
1.01085 -0.0850948 0.84151 0.107685
1.03423 -0.102012 0.825365 0.0557312
1.05217 -0.127853 0.830546 0.0029701
1.09128 -0.217608 0.835066 0.126334
1.09807 -0.254098 0.823763 0.180218
1.11782 -0.320892 0.815366 0.32211
1.12259 -0.337707 0.780887 0.409659
1.12368 -0.36127 0.795104 0.520294
1.11266 -0.393935 0.822801 0.652791
1.1083 -0.414129 0.842334 0.842996
1.10936 -0.430198 0.877306 1.07443
1.10816 -0.440084 0.894305 1.29243
1.09485 -0.456444 0.888856 1.47904
1.09051 -0.467206 0.915843 1.60413
1.08588 -0.474146 0.934021 1.73463
1.08358 -0.476069 0.936059 1.84779
1.09015 -0.468779 0.951935 1.95413
1.09421 -0.460506 0.957856 2.03698
1.11087 -0.443934 0.979155 2.0857
1.12314 -0.435055 1.00528 2.0857
1.11948 -0.438863 1.02225 2.0857
1.13354 -0.429093 1.08198 2.0857
1.12967 -0.432141 1.08935 2.0857
1.12718 -0.43383 1.08578 2.0857
1.12447 -0.434618 1.07497 2.0857
1.12923 -0.432036 1.08346 2.0857
1.12375 -0.436328 1.0847 2.0857
1.12642 -0.43078 1.08232 2.0857
1.13403 -0.421675 1.08195 2.0857
1.13804 -0.419818 1.08771 2.0857
1.14305 -0.415217 1.09222 2.0857
1.1467 -0.411068 1.10569 2.0857
1.1409 -0.415542 1.11976 2.0857
1.15403 -0.405605 1.16441 2.0857
1.1562 -0.404043 1.18955 2.0857
1.16229 -0.401138 1.19331 2.0857
1.16192 -0.400424 1.16466 2.05662
1.16871 -0.3937 1.13373 1.96255
1.18372 -0.377107 1.07763 1.91322
1.18672 -0.371287 1.01721 1.81585
1.20276 -0.356344 0.965569 1.73945
1.22662 -0.334027 0.908313 1.67547
1.25233 -0.305364 0.865551 1.60654
1.27605 -0.281324 0.832688 1.51186
1.29943 -0.256712 0.791423 1.35847
1.31156 -0.244741 0.766159 1.15461
1.32784 -0.229097 0.726269 0.910943
1.34409 -0.210995 0.654292 0.687084
1.35092 -0.20908 0.625523 0.552629
1.36092 -0.197341 0.570609 0.452217
1.36839 -0.191823 0.519679 0.409031
1.36805 -0.196486 0.477488 0.365326
1.37289 -0.19348 0.432937 0.352368
1.37711 -0.190692 0.395131 0.331052
1.39221 -0.177377 0.361533 0.342093
1.40454 -0.165893 0.329537 0.349766
1.40467 -0.165878 0.311906 0.365004
1.40477 -0.16503 0.284611 0.413102
1.39661 -0.171408 0.273863 0.468205
1.3918 -0.175054 0.261987 0.542611
1.39043 -0.174642 0.255358 0.60105
1.39068 -0.17288 0.258538 0.616814
1.38832 -0.175981 0.256968 0.643162
1.38941 -0.176629 0.259731 0.700598
1.38289 -0.182099 0.265445 0.678462
1.37966 -0.185341 0.270058 0.704703
1.37333 -0.191639 0.272934 0.666898
1.36638 -0.197574 0.287921 0.634365
1.36061 -0.203222 0.293263 0.652231
1.35952 -0.205441 0.296889 0.637163
1.35102 -0.212338 0.304421 0.628575
1.35387 -0.209374 0.298886 0.587326
1.36031 -0.203776 0.294244 0.600818
1.36142 -0.202791 0.292032 0.595738
1.36577 -0.199582 0.284545 0.567181
1.37069 -0.195026 0.282187 0.665682
1.37322 -0.191494 0.283273 0.734258
1.37283 -0.190407 0.300197 0.626258
1.37584 -0.185856 0.322043 0.620183
1.36888 -0.192501 0.31975 0.606382
1.35249 -0.207694 0.331035 0.495661
1.34795 -0.212942 0.338084 0.443156
1.34805 -0.215764 0.33732 0.413426 
