0.256378 0.939743 0 
0.669525 -2.06105 7.84314 
0.711517 -0.996174 0 
0.205048 0.299721 0 
-0.713837 3.12873 -7.84314 
-0.00350952 -0.137547 0 
-0.602814 0.757355 0 
-1.23087 -3.02826 0 
0.983002 2.35911 0 
-0.99765 0.500648 0 
1.11038 0.0930252 0 
0.640717 -0.500969 0 
-0.294312 -1.41413 7.84314 
0.128326 1.80599 -7.84314 
-1.86636 -0.826817 7.84314 
0.486023 -0.304718 0 
-0.834259 1.68867 -7.84314 
-0.109039 -1.68682 7.84314 
0.225525 3.3519 0 
-3.33817 0.15377 0 
1.87775 3.84322 0 
-2.81171 3.20429 0 
-4.97125 0.831287 0 
-0.315948 4.07008 7.84308 
-1.22678 4.63789 7.8432 
-4.86865 4.92096 0 
-3.23041 4.54127 7.84308 
-5.19421 4.89972 0 
-5.16849 4.76811 0 
-4.76146 3.7417 7.8432 
-3.23767 3.35425 7.84314 
-2.3333 2.96913 7.84308 
-2.50793 2.34464 7.8432 
-6.30391 2.85231 0 
-3.82289 1.61772 7.84308 
-7.4462 2.47587 7.8432 
-5.93921 1.7929 7.84308 
1.27469 0.356382 15.6863 
-8.66487 0.492792 -7.8432 
-5.02005 -1.17916 7.8432 
-4.51746 1.27198 15.6863 
-4.37633 -0.767416 7.84308 
-3.4173 -1.60204 7.84314 
-4.81776 -0.264143 0 
0.149292 -1.5184 7.84314 
-3.75797 -1.13356 7.84314 
-0.953629 -0.0944319 7.8432 
-1.87357 -1.00008 7.84308 
-4.14609 0.385335 7.84314 
-0.356949 -0.352103 7.84314 
-1.73238 -1.20362 7.84314 
-2.81456 0.906321 0 
-0.0843658 -2.12247 7.84314 
-1.39359 -0.124132 -7.84314 
-6.40625 5.62977 7.84314 
-1.41371 3.10486 0 
-2.17554 3.29145 0 
-2.59999 3.49142 0 
-3.08842 2.57499 0 
-5.98535 5.37193 0 
-6.30595 4.76368 0 
-4.23955 0.604591 0 
-4.93718 -0.326218 -7.84314 
-8.22562 1.37585 -7.84314 
-6.27435 0.0316277 -7.84314 
-7.09955 -1.26907 0 
-9.79129 -2.44223 -15.6862 
-6.94594 -2.85258 -7.8432 
-8.62902 -3.819 0 
-8.74753 -5.00064 -15.6863 
-7.87885 -5.50973 -15.6862 
-8.94031 -6.69396 -7.8432 
-6.32512 -7.33885 -7.84308 
-6.16348 -7.83865 -7.8432 
-6.68758 -8.20231 0 
-5.78201 -8.82184 -15.6862 
-4.25206 -8.34986 0 
-5.18053 -8.24942 0 
-2.71257 -6.52864 -7.8432 
-4.12014 -7.49632 0 
-1.53581 -5.14487 0 
-2.25974 -5.32993 0 
-2.15444 -4.73308 0 
-0.0835476 -3.9418 0 
-1.26763 -3.09943 0 
-0.916603 -2.02538 0 
-0.325689 -1.05325 0 
1.64794 -0.284203 0 
0.51396 0.973732 0 
1.8026 0.961311 0 
1.41274 3.13644 0 
2.19573 3.50118 -7.84308 
2.07155 2.6516 7.84308 
3.77781 4.91898 -7.84308 
3.91889 3.16616 7.84308 
4.36711 3.87319 -7.84308 
4.77696 3.89179 0 
2.2511 3.80959 0 
5.82803 3.31097 0 
6.39153 2.97434 0 
3.66574 2.8041 7.84308 
6.12287 3.80191 0 
3.96942 3.33245 -7.84308 
7.4899 3.29823 0 
5.1917 1.80576 7.84308 
7.35466 4.06407 -7.84308 
5.97234 2.85947 0 
5.35674 2.7592 0 
6.47787 2.44417 0 
6.12967 2.13525 0 
8.45755 1.29135 0 
5.2123 2.11718 0 
8.06865 1.34291 0 
3.84038 1.45295 0 
8.97176 1.05483 -7.8432 
11.0194 -1.24476 0 
6.83673 1.11103 0 
7.92932 0.696983 7.8432 
6.7903 -0.664574 -7.8432 
6.88902 1.03784 -7.84308 
6.55901 1.15218 7.84308 
9.66414 -1.08543 0 
3.86694 2.05175 0 
9.75801 -0.73722 0 
5.82945 0.835111 -7.84308 
7.9816 0.377178 7.84308 
6.12691 -0.262595 -7.84308 
7.44107 -0.555804 0 
5.98508 -2.00607 0 
8.16611 0.00608408 0 
7.65616 0.38676 0 
6.65231 -0.585168 0 
5.23154 -1.12331 7.84308 
4.46964 0.0304592 -7.84308 
4.73987 -0.761027 7.84308 
1.74924 -1.21525 0 
6.00394 -1.98525 7.8432 
2.41644 -0.114767 -7.8432 
5.95114 -0.186145 7.8432 
2.04327 -0.397899 -7.8432 
4.26788 -1.51977 0 
2.07224 -0.820076 0 
3.16125 -1.13342 0 
0.27597 -0.126601 -7.84308 
3.45892 -0.752607 0 
-2.00214 -1.34674 -7.84314 
3.0849 -0.40744 0 
2.37405 -2.15921 0 
-0.84256 -1.23604 -7.8432 
0.567627 -2.52543 0 
-1.14142 -1.63382 -7.84308 
-0.0471191 -2.89167 0 
0.838989 -1.24015 0 
-1.20554 -0.726963 0 
-2.57581 0.0313377 0 
-0.375183 2.66039 7.84308 
-5.14297 2.04913 0 
-1.06985 6.18892 7.8432 
-4.99365 4.72596 7.84314 
-4.68991 6.83667 0 
-4.1904 7.21841 7.84308 
-6.01004 4.9488 7.8432 
-4.4552 6.24077 7.84308 
-7.03326 4.76262 7.8432 
-2.92801 4.19338 7.84308 
-10.2172 3.40572 0 
-5.75061 3.58679 15.6863 
-5.66953 2.26094 7.84308 
-6.67107 2.59834 7.8432 
-11.7911 2.54184 0 
-7.45625 1.38894 15.6862 
-3.73323 1.90512 15.6863 
-10.9908 3.13576 7.8432 
-7.38441 0.168545 0 
-3.65546 1.75253 15.6862 
-6.38692 -0.180225 0 
-5.74757 -0.704449 15.6863 
-4.7697 -0.4473 7.84314 
-4.34758 -0.137421 0 
-8.99019 -18.3006 0 
1.24466 -3.31826 -7.84314 
0.513367 -5.09001 -7.84314 
3.58295 -6.99918 -7.84314 
0.282364 -6.87664 -15.6862 
0.89061 -6.83934 -7.8432 
-0.341812 -6.91598 -15.6863 
-0.0301208 -9.3818 -15.6862 
-0.360825 -6.98184 0 
3.44585 -10.6284 -7.8432 
-1.38196 -8.1453 7.8432 
2.71173 -12.3556 -23.5295 
0.242432 -9.18209 7.8432 
-3.1217 -9.31215 -7.8432 
3.04433 -12.9341 -7.84314 
-1.72099 -8.34264 0 
-1.78976 -9.51317 -7.84308 
0.863129 -13.9694 0 
0.501099 -10.612 0 
0.54454 -11.1437 0 
-0.91655 -9.24953 0 
1.519 -9.8429 0 
1.14832 -16.0343 0 
-0.314133 -5.40091 0 
0.425201 -2.95367 0 
-1.12604 -4.49995 -7.8432 
-0.80072 -8.267 7.8432 
0.139313 -2.76157 0 
0.715073 -1.56749 0 
-9.43689 6.31905 -39.2157 
7.83156 -9.33702 31.3725 
1.95825 -7.8931 0 
0.751526 0.408798 0 
1.43495 -2.39969 7.8432 
-2.7428 3.13499 -7.8432 
2.38525 -0.509552 7.8432 
0.541214 2.05103 0 
0.765579 5.9341 -7.8432 
-0.167847 0.253571 0 
2.46771 1.1143 7.8432 
-2.30931 3.01881 -7.8432 
-0.583618 3.76529 0 
0.743668 3.96924 0 
-0.674881 4.55722 0 
1.74948 5.55069 0 
-1.3777 6.07349 7.8432 
-0.000930786 6.11749 0 
-3.252 10.6853 -7.8432 
1.2047 6.62219 7.8432 
-1.03915 6.63394 0 
-4.15085 11.1109 0 
-4.11784 7.27477 0 
-6.58087 9.73036 0 
-6.64769 7.40742 0 
-5.18057 5.12786 7.84308 
-9.21246 3.77114 0 
-7.4411 6.79496 0 
-8.23355 3.70142 0 
-7.05886 3.08656 0 
-7.50755 3.75134 0 
-9.13171 -0.0776443 0 
-7.79135 1.08425 0 
-7.28163 1.37546 0 
-8.27992 -1.44912 0 
-7.13973 -0.606064 0 
-7.98367 -0.780685 7.84314 
-6.74089 -0.456749 0 
-5.74728 -0.775032 0 
-4.68871 -1.14575 7.8432 
-4.80821 -1.70048 0 
-2.1558 -0.0203323 0 
-3.49744 -0.239372 0 
-1.7311 -1.82374 7.84308 
-0.933884 -0.636475 0 
1.04746 1.03046 0 
1.67384 1.20042 7.8432 
3.4233 1.18173 0 
2.38501 2.52024 0 
4.43073 0.303986 0 
8.44542 -2.32764 39.2157 
5.72926 2.22745 -7.8432 
8.80673 1.17184 7.8432 
7.84629 1.8411 0 
8.19671 0.709808 0 
8.58229 5.11585 0 
9.24905 1.82928 -7.8432 
15.4054 -0.599701 7.8432 
8.4914 8.04651 -7.8432 
12.1153 1.37026 0 
14.1411 3.04479 -7.84314 
15.1482 2.26533 7.84314 
11.2013 2.95336 0 
15.4139 3.61924 -7.84314 
6.53386 3.89374 -47.0588 
23.8351 1.64872 54.902 
-1.64687 5.15936 -62.7451 
15.3861 3.05574 15.6863 
14.2594 5.28736 47.0588 
11.2212 2.58913 -7.84314 
6.09793 1.73782 0 
9.29684 0.464472 -23.5294 
8.37738 0.0231228 0 
7.48508 0.797396 0 
11.2322 -0.192535 -7.8432 
7.181 -2.43032 7.8432 
5.06186 -0.926514 0 
9.97513 3.28275 -7.8432 
9.08319 0.900913 7.8432 
4.22498 0.320475 -7.8432 
5.80878 -0.495073 0 
6.21127 -0.808004 7.8432 
-4.60715 -5.51059 0 
4.05325 -0.560669 0 
4.24509 -2.1534 0 
2.03 -1.90367 0 
5.54288 -2.80179 0 
7.31534 -0.535591 -7.8432 
5.55435 -3.4283 7.8432 
-0.17981 -2.09437 -7.8432 
-7.33401 -5.33368 7.8432 
10.9262 -0.391499 -7.8432 
-0.718353 -1.95211 0 
-1.48737 -0.374878 -7.84308 
-0.240234 -0.676739 0 
0.147247 -1.15321 0 
0.219788 0.98378 0 
-1.48264 -0.751438 0 
-4.43073 -1.37637 7.84308 
5.33163 1.85181 -7.84308 
0.542572 0.829517 0 
-5.6282 -1.12634 7.84308 
5.27386 -2.28725 0 
1.26627 3.08062 -7.84308 
-0.44696 -1.01551 0 
0.799225 0.132801 0 
0.220428 0.718582 0 
-0.988312 -1.19268 0 
-3.80954 -1.60234 7.84308 
-3.38657 0.948296 0 
3.76959 1.7853 -7.84308 
-9.70697 1.25583 7.84308 
2.49146 0.309101 7.8432 
1.08826 3.38062 -7.8432 
-14.0159 4.31968 7.8432 
-0.951813 -0.789654 15.6862 
-7.22403 2.53851 7.84314 
-8.89215 0.258961 7.84314 
-1.15561 3.03773 -7.84314 
-14.7736 -3.45799 15.6863 
-6.08539 -0.939808 7.84308 
-5.07626 -1.45291 7.84314 
-4.44421 0.0340271 0 
-8.93719 -2.9083 0 
-8.21136 -3.12352 7.84314 
-3.66815 -4.76283 0 
-6.43768 -4.01106 7.84314 
-8.09891 -4.80016 0 
-2.54987 -9.18425 0 
-7.74893 -7.8326 0 
-3.69421 -12.0665 7.84314 
-5.06567 -13.2988 0 
-4.39001 -11.6283 -7.84314 
-5.63847 -11.7118 -7.84314 
-4.04645 -16.0948 0 
-3.28151 -15.6972 0 
-3.50394 -14.4389 0 
-4.13863 -12.8686 0 
-1.81772 -15.1906 7.84314 
-4.57568 -6.37326 -7.84314 
0.0949707 -10.8906 0 
-1.70105 -7.73946 0 
-4.42303 -18.1696 7.84314 
-0.765625 -3.32169 0 
-1.39917 -2.04538 0 
0.935104 1.20729 0 
-0.65155 2.04408 0 
0.576447 3.58124 0 
0.761307 8.15794 -7.84314 
-0.556442 9.26048 -7.84314 
5.94469 5.7878 7.84314 
1.3513 22.3945 -7.84314 
-0.343079 14.0793 -15.6862 
1.75906 8.8763 0 
3.35905 8.94548 0 
0.276993 12.0093 -7.8432 
1.31541 14.8592 -7.84314 
1.74553 10.712 7.84314 
-0.288391 14.9406 -15.6863 
2.67053 8.30531 0 
-2.54663 14.6161 0 
2.84886 10.8742 -15.6862 
-1.62708 11.5473 0 
-6.20834 13.4686 0 
-3.14659 10.5663 0 
-3.00113 10.2236 0 
-2.82671 11.085 0 
-2.39195 8.87603 0 
-6.92412 8.63732 7.84308 
-2.94464 7.75926 7.84314 
-5.86671 7.65182 7.84314 
-7.63875 7.90085 7.84314 
-5.44623 4.27461 7.8432 
-5.29073 5.22965 0 
-6.76308 4.09377 0 
-6.06798 2.61213 15.6862 
-5.90498 1.51672 0 
-6.24738 1.4742 0 
-6.35144 1.03003 7.84314 
-6.19843 -1.56546 -7.84314 
-5.86346 -1.07571 7.84314 
-7.63174 -3.64655 0 
-8.07167 -4.06087 -7.84314 
-10.0162 -4.66633 0 
-9.00517 -5.32097 -7.84314 
-7.23076 -7.53964 0 
-8.59745 -7.56251 -7.84308 
-5.36704 -7.91733 -7.8432 
-10.3804 -6.83922 -7.84314 
-6.64564 -8.14974 -7.84314 
-5.94587 -6.94262 -7.84314 
-6.18528 -7.86074 0 
-5.35775 -7.58047 -7.84308 
-3.74642 -3.26626 0 
-3.28808 -4.85847 -7.8432 
-1.52856 -4.73743 0 
0.932072 -1.49771 0 
-0.333652 1.27932 0 
1.5767 -2.10939 -7.84308 
1.35555 1.27863 0 
2.2627 4.27723 0 
2.81458 2.73151 0 
3.63792 3.02365 0 
3.65122 3.25542 -15.6863 
4.04335 3.05225 -7.84308 
4.16621 3.27542 -7.8432 
5.29948 -0.270092 0 
5.21581 0.0607681 -7.84308 
5.09306 1.52124 -15.6863 
6.08777 0.832859 -7.84314 
5.77013 3.24732 -7.8432 
6.30526 1.01749 0 
5.99505 1.45084 -7.84308 
5.65012 0.538071 -7.8432 
6.44589 -0.0897179 -15.6862 
7.05302 2.49937 0 
6.07425 -0.0846519 -7.84308 
4.81316 -0.83292 0 
3.64543 1.09839 -7.8432 
3.57948 -1.01942 0 
2.6369 0.636646 0 
2.64664 -1.48717 0 
1.571 1.70057 0 
3.45752 -3.22255 0 
3.10437 1.07797 7.8432 
0.875793 1.40254 0 
1.46574 1.53238 7.84308 
0.451096 0.189091 0 
1.95114 -0.296761 7.84314 
-0.034256 -0.0640106 7.84308 
-4.15073 4.12641 7.8432 
0.0722809 0.824921 15.6863 
-1.7509 1.55998 7.84314 
-2.2562 1.09197 7.84308 
-0.559464 1.40178 -7.84308 
-1.70699 5.19222 15.6863 
-1.9314 0.448656 0 
-0.894516 0.555458 7.84308 
-4.3938 3.263 7.8432 
-4.73694 2.91688 7.84308 
-1.97415 3.38781 15.6863 
-2.36171 3.5769 7.84308 
-1.2989 4.17162 7.8432 
-3.74991 4.07239 7.84308 
-3.48206 5.55307 7.84314 
0.683151 2.63472 0 
-2.28732 5.09425 15.6863 
-0.824585 4.11417 0 
-5.5524 5.18043 15.6863 
-1.96752 3.51224 7.84314 
-0.172531 4.40912 0 
-1.05036 1.37297 15.6863 
-3.83398 4.64917 7.84314 
-1.05913 2.2564 0 
-0.85022 3.16455 0 
13.1514 -4.54419 0 
5.51641 -10.145 -15.6863 
-2.97754 -3.45459 0 
2.77188 -3.74897 -7.84314 
0.550034 -8.33406 -15.6862 
0.964767 -10.5881 0 
2.81801 -5.05343 -7.8432 
1.01807 -10.1447 -15.6863 
3.32143 -9.66954 15.6863 
0.687866 -8.34336 -15.6863 
1.68639 -9.16953 -15.6862 
0.398819 -8.7897 -7.8432 
0.35524 -10.0802 0 
3.17766 -6.97956 0 
-1.68625 -8.51024 -7.84308 
4.22786 -6.64381 7.84308 
0.0556946 -9.81607 -7.84308 
3.28995 -2.54655 0 
-0.224594 -7.88058 -7.8432 
2.42659 -4.74698 0 
1.349 -3.85377 -7.84314 
11.962 -11.6545 62.7451 
-8.92793 2.16024 -70.5882 
3.20338 -8.30161 0 
2.55057 -6.25269 0 
9.01773 -5.39143 62.7451 
-6.69038 0.0582581 -78.4313 
0.878342 -5.05965 7.84308 
1.69487 -6.30315 -7.84308 
1.4769 -5.26474 7.84308 
1.20944 -0.154846 -7.84308 
2.85893 -0.395233 7.84308 
0.729172 -3.16953 -7.84308 
2.98843 1.38614 7.84308 
-0.0784302 -0.586121 -7.84308 
2.20752 5.59181 0 
-0.110931 1.70695 0 
-0.84375 2.76949 0 
-0.554367 5.52266 0 
1.88329 3.00365 0 
-2.92455 6.33197 7.84308 
-1.67963 7.11806 0 
-2.47881 7.69506 0 
-2.45264 7.48703 0 
-1.64842 2.59396 0 
-2.55284 6.95004 -7.84308 
-2.78352 5.80946 15.6863 
-7.80687 7.47429 0 
-3.02602 4.42493 0 
-5.38925 4.60956 0 
-1.76263 2.7443 0 
-8.92839 6.50554 0 
-4.50755 1.72354 0 
-5.48662 2.7418 0 
-8.15601 4.69427 0 
-6.5668 2.71294 7.84308 
-9.02603 3.9398 -7.84308 
-9.27519 3.16365 7.84308 
-8.44989 3.45988 7.84314 
-9.67138 3.75626 0 
-9.51037 1.95652 7.8432 
-10.7112 3.20173 0 
-8.52405 -1.02867 7.84308 
-9.26775 0.190159 0 
-7.85603 -2.00821 0 
-5.7473 -4.64242 7.8432 
-6.97878 -2.28755 0 
-2.83702 -2.62006 0 
-0.779467 -2.44419 0 
0.039834 -0.0953331 0 
1.63055 -0.234798 0 
4.47104 3.25729 0 
5.28455 4.38005 0 
7.77893 4.09319 0 
6.80725 7.58038 0 
13.4955 3.47897 78.4313 
9.77699 7.52977 -23.5294 
12.5454 8.19238 7.84314 
11.453 7.97281 -7.84314 
13.7634 6.95902 0 
12.2616 6.9711 0 
11.12 4.44981 -15.6862 
18.1006 5.73667 -7.8432 
16.196 3.036 7.8432 
9.91664 3.04532 -7.8432 
13.6106 1.48729 0 
7.38902 -2.50477 -39.2157 
17.2442 1.7294 31.3726 
11.5045 -3.61997 -7.84314 
2.72859 -1.10173 -31.3725 
14.4921 -3.79852 0 
9.5249 -1.59812 -7.8432 
9.28545 -1.21717 0 
9.41685 -1.99342 0 
7.58109 -1.47506 -7.84314 
9.953 -0.880484 15.6863 
8.11566 -2.2679 0 
5.50217 -2.01308 0 
6.71466 -3.57248 0 
5.9021 -2.62436 7.84308 
6.91135 -5.27002 -7.84308 
4.89429 -4.82629 0 
0.325378 -6.35372 -15.6863 
5.3371 -5.0377 0 
1.56949 -4.91892 -7.84308 
5.97232 -4.76145 7.84308 
4.51944 -3.3153 -7.84308 
-0.842072 -3.0578 7.84308 
0.801453 -1.43594 0 
0.52655 -2.12659 0 
8.27747 -1.22907 -7.84308 
-4.01895 -0.715744 7.84308 
-1.14462 -1.07291 -7.84308 
1.97827 -1.15302 0 
0.577728 -0.7924 0 
-0.331299 -0.191193 7.84308 
2.96109 -1.65897 0 
1.26453 0.166306 -15.6863 
-2.34085 -0.086628 15.6863 
5.60037 -1.40937 -7.84308 
-3.091 -0.578827 7.84308 
1.70908 -0.962795 0 
-0.992157 -0.759933 0 
-0.499359 0.871048 0 
1.22214 -0.953156 0 
2.26749 -0.412434 -7.84308 
-3.87668 -0.0174751 7.84308 
1.65097 -1.82738 0 
-1.54428 -0.393959 0 
-0.388275 -1.32574 -7.84308 
5.90512 -0.978031 0 
-5.17316 -0.787189 0 
-0.456665 -0.190453 0 
0.824646 -0.842003 0 
0.850739 -0.949902 0 
1.94974 -2.24038 0 
2.3873 -5.16465 -7.8432 
0.186554 -4.84393 7.8432 
-0.13739 -7.91067 0 
4.3779 -9.41703 -7.8432 
1.72513 -11.2851 0 
-0.0344238 -14.2731 0 
-0.582733 -13.9677 0 
-0.415314 -16.7069 0 
-5.47873 -12.5883 -7.84308 
-1.27759 -11.283 0 
0.393005 -11.3973 7.84308 
-5.39285 -6.4521 -7.84308 
-2.2579 -6.42436 0 
0.60025 -5.10744 7.84308 
-1.53314 -2.46605 0 
0.110443 -0.0188904 0 
-0.104248 2.26807 0 
0.590881 4.90697 0 
-2.54929 4.88539 -7.84308 
0.186859 5.91206 0 
0.360962 7.09047 0 
-2.56134 8.37601 -7.8432 
1.02963 10.2726 7.8432 
0.348785 5.73082 0 
-0.755463 7.55531 0 
-3.9751 8.80284 -7.8432 
-0.928894 7.97923 0 
-1.37607 8.18635 0 
-1.561 8.8809 7.8432 
-1.60379 9.73262 0 
0.566132 9.31999 7.84308 
-2.96198 9.86713 0 
-2.93335 10.6821 0 
-2.51154 9.55569 7.8432 
-2.95801 10.462 0 
-4.02362 9.08678 0 
-0.756226 8.46666 7.84308 
-7.90173 8.13235 0 
0.0386963 6.97273 15.6863 
-6.0462 6.83822 0 
-4.81116 6.70056 0 
-5.40665 5.31612 7.84308 
-2.42828 6.17131 0 
-6.39587 4.65087 7.8432 
-7.41324 4.82975 0 
-3.51431 3.75962 15.6862 
-5.52057 3.41085 0 
-7.48242 4.018 15.6863 
-3.37238 1.69969 0 
-3.21121 0.629128 0 
-1.24612 -0.223532 7.8432 
-3.66597 0.347496 0 
-4.12207 -1.76429 -7.8432 
1.15421 -0.791479 0 
1.47415 -1.78172 0 
0.365204 -0.922945 0 
-3.53444 -1.66023 -7.84314 
3.36729 0.114454 7.84314 
-0.862183 0.265507 -7.84314 
3.84764 0.0117664 0 
-1.18054 -0.260174 0 
0.393036 -0.457729 -7.84314 
-1.57625 0.996981 7.84314 
2.85536 -1.36673 -7.84314 
2.57935 0.168018 7.84314 
-1.22879 0.0086174 0 
1.96414 0.095787 0 
3.00371 -1.26738 -7.84314 
3.209 -0.32802 0 
3.17139 -2.01492 0 
-0.0608215 -1.46685 -15.6862 
0.457703 -3.32128 0 
5.18176 -3.58767 0 
3.85175 -5.0741 0 
0.171417 -6.61962 -7.8432 
3.52533 -4.54868 0 
2.9375 -6.92628 -7.84308 
2.38727 -8.29704 -7.8432 
1.95578 -8.32493 -7.84314 
3.39606 -8.8348 0 
2.98599 -9.10173 0 
3.91266 -10.5369 -7.84308 
4.38705 -11.7983 0 
1.9581 -11.0333 0 
1.58704 -10.0346 -7.8432 
4.11688 -9.62289 7.8432 
-0.580566 -7.41402 -7.8432 
4.56378 -15.6834 0 
1.98465 -8.30399 0 
-0.566223 -10.5914 0 
0.487701 -8.93336 0 
0.646332 -7.79369 0 
-0.168793 -8.88338 0 
0.0325317 -8.08922 0 
-1.633 -7.15128 0 
0.269806 -4.6777 0 
-1.17416 -5.40501 0 
1.50336 -7.85907 7.8432 
-0.0675354 -2.50223 0 
-0.705719 -2.52856 0 
-1.9397 -3.82364 0 
-1.42725 -0.0876465 0 
-1.83081 -0.428452 0 
-0.160828 1.6451 0 
-1.42554 -0.140808 0 
-1.4455 1.59358 0 
1.26099 2.00246 0 
-1.84067 1.44693 0 
1.35416 -0.193115 0 
-1.06519 0.158722 0 
0.299744 -0.812775 0 
1.10391 1.08167 0 
1.1283 0.727798 0 
-1.01697 1.0818 0 
1.13214 2.46919 0 
0.179535 2.22215 0 
-0.200714 1.90707 0 
0.72644 4.67462 0 
-0.317261 3.93246 0 
2.50266 8.96518 0 
3.13193 10.6121 0 
2.69904 16.4972 -7.8432 
8.61417 21.0171 0 
7.40552 26.0148 0 
8.34579 31.0661 7.8432 
5.58688 34.7307 7.84308 
2.25391 32.36 0 
5.85077 34.1309 15.6863 
5.64557 36.7937 15.6863 
4.21921 37.072 31.3725 
