0.423628 0.224086 0.717611 0.698667 
0.422903 0.238879 0.712029 0.747868 
0.413226 0.240693 0.712236 0.723653 
0.410208 0.23906 0.710576 0.763163 
0.422081 0.246971 0.711416 0.792106 
0.426013 0.269715 0.712486 0.801066 
0.397172 0.3142 0.763728 1.03481 
0.323576 0.3142 0.706134 0.796985 
0.328598 0.3142 0.701478 0.790569 
0.325632 0.3142 0.742471 0.996964 
0.306978 0.3142 0.69957 0.808257 
0.311907 0.3142 0.703438 0.788976 
0.31883 0.3142 0.709245 0.776142 
0.395206 0.265754 0.705633 0.848865 
0.384928 0.283843 0.69621 0.839077 
0.395395 0.267933 0.691625 0.816687 
0.389737 0.246521 0.733122 0.732286 
0.388281 0.255707 0.729999 0.746073 
0.345255 0.3142 0.724252 0.756656 
0.296051 0.3142 0.713818 0.735007 
0.255424 0.3142 0.712057 0.692205 
0.253343 0.3142 0.709644 0.692411 
0.25732 0.3142 0.716642 0.688078 
0.249923 0.3142 0.718859 0.703298 
0.271349 0.3142 0.714629 0.733525 
0.331943 0.3142 0.713603 0.768555 
0.386613 0.239166 0.700665 0.83856 
0.399414 0.218816 0.684256 0.951718 
0.443299 0.14218 0.68637 0.95265 
0.455671 0.13683 0.743135 1.01754 
0.467494 0.142335 0.724813 1.05899 
0.490203 0.136317 0.637006 1.06684 
0.505124 0.143735 0.604503 1.13281 
0.511874 0.158921 0.634666 1.19896 
0.593789 0.192363 0.662868 1.00716 
0.671796 0.181011 0.676408 0.662457 
0.693811 0.197974 0.675043 0.525531 
0.711902 0.231389 0.64954 0.464505 
0.757607 0.224581 0.692212 0.404353 
0.786041 0.223693 0.718179 0.381213 
0.799294 0.221609 0.685603 0.353027 
0.816961 0.220792 0.706813 0.321056 
0.828349 0.209563 0.727983 0.299076 
0.834081 0.206368 0.725012 0.274912 
0.851817 0.165215 0.769503 0.186106 
0.847331 0.172991 0.770845 0.200712 
0.842597 0.184815 0.735593 0.190954 
0.843336 0.186894 0.734313 0.194448 
0.847645 0.182923 0.836479 0.243672 
0.844757 0.160151 0.855607 0.223306 
0.764071 0.102759 0.833294 0.186091 
0.770238 0.0841844 0.896102 0.228873 
0.786898 0.0777903 0.944016 0.232764 
0.677397 0.125123 0.917865 0.409512 
0.591569 0.160401 0.857207 0.461103 
0.519187 0.208611 0.922202 0.561272 
0.489505 0.186576 0.981462 0.56808 
0.457851 0.0984252 1.06547 0.473754 
0.411423 0.072172 0.991302 0.504533 
0.438721 -0.00879159 1.15205 0.348401 
0.364479 5.34505e-05 1.11232 0.442321 
0.382471 -0.00144291 1.13064 0.420143 
0.275188 0.214607 1.15258 0.35814 
0.315049 0.169957 1.3234 0.30515 
0.311076 0.193302 1.26997 0.239598 
0.28992 0.234842 1.23387 0.26762 
0.308885 0.245426 1.26223 0.282221 
0.275509 0.246555 1.27973 0.310842 
0.234761 0.309075 1.19844 0.357518 
0.22112 0.3142 1.22781 0.430262 
0.201254 0.3142 1.12386 0.440073 
0.222833 0.3142 1.10078 0.399893 
0.193832 0.3142 1.13626 0.478362 
0.203435 0.3142 1.11857 0.456772 
0.197647 0.3142 1.10316 0.426698 
0.170565 0.3142 1.06908 0.462368 
0.175089 0.3142 1.04454 0.431487 
0.177055 0.3142 1.04475 0.354326 
0.195308 0.3142 1.05871 0.312944 
0.254108 0.311443 1.11574 0.305574 
0.279136 0.306917 1.14161 0.299482 
0.276264 0.3142 1.20861 0.476062 
0.235398 0.3142 1.19846 0.564538 
0.365629 0.3142 1.29835 0.478645 
0.402737 0.3142 1.33619 0.415777 
0.427613 0.267923 1.30125 0.425542 
0.495875 0.23951 1.34717 0.324472 
0.623566 0.170773 1.47247 0.113746 
0.69411 0.146303 1.5173 0.0730171 
0.719138 0.111157 1.5446 0.0713418 
0.747042 0.0937939 1.5446 0.0573201 
0.773037 0.0845141 1.5446 0.0379471 
0.790624 0.0749615 1.5446 0.0178643 
0.803956 0.0588124 1.5446 0.00725062 
0.833075 0.0297099 1.5446 0.0438864 
0.859414 -0.00128986 1.5446 0.0323424 
0.887756 -0.0148765 1.5446 0.0168654 
0.909886 -0.0102575 1.5446 0.0109945 
0.918439 -0.0272557 1.5446 0.0174593 
0.91508 -0.0197881 1.5446 0.0220705 
0.923283 -0.0147351 1.5446 0.0183936 
0.92225 -0.00869767 1.5446 0.0168795 
0.927726 -0.0145729 1.5446 0.0178476 
0.934538 -0.0178374 1.5446 0.0254101 
0.929144 -0.0153491 1.5446 0.0282665 
0.93265 -0.0237005 1.5446 0.0367369 
0.931914 -0.0240134 1.5446 0.0398178 
0.939394 -0.0153064 1.5446 0.0461874 
0.935775 -0.0148235 1.5446 0.0458843 
0.920745 -0.00054093 1.5446 0.0431396 
0.91068 0.0037486 1.5446 0.0405257 
0.8881 0.0185309 1.5446 0.0187213 
0.884508 -0.00721897 1.50922 0.00671277 
0.886059 -0.0275785 1.38065 0.0225805 
0.868138 -0.0259258 1.28966 0.00823593 
0.82087 -0.0186102 1.28111 0 
0.773959 -0.00577775 1.22806 0.00505083 
0.759027 0.0119412 1.16351 0.000845728 
0.755506 0.00299092 1.16616 0.0318203 
0.78115 -0.0690663 1.16857 0.281834 
0.788429 -0.0848011 1.13403 0.339517 
0.772632 -0.0641294 1.05713 0.457253 
0.755547 -0.035262 1.00352 0.375327 
0.749551 -0.0167915 0.922549 0.334438 
0.73936 -0.0247148 0.850609 0.308949 
0.740705 -0.0523449 0.824213 0.334604 
0.74195 -0.060231 0.740448 0.290855 
0.752205 -0.0987558 0.702901 0.302165 
0.797387 -0.194489 0.785141 0.434941 
0.810606 -0.215325 0.787577 0.438691 
0.799199 -0.188282 0.71328 0.394906 
0.796393 -0.193182 0.712374 0.408247 
0.773024 -0.195741 0.68249 0.386996 
0.781463 -0.188006 0.661945 0.381327 
0.794567 -0.181183 0.668088 0.375436 
0.787259 -0.178804 0.66676 0.393278 
0.796413 -0.177798 0.688251 0.370273 
0.803689 -0.175144 0.707242 0.393513 
0.799063 -0.17465 0.72288 0.38057 
0.801216 -0.164514 0.754113 0.383007 
0.793188 -0.166085 0.761215 0.381178 
0.831301 -0.142444 0.778771 0.411511 
0.793904 -0.137504 0.799909 0.427123 
0.782029 -0.146164 0.84687 0.356331 
0.729011 -0.0554944 0.873605 0.317945 
0.708134 -0.00304214 0.924498 0.323816 
0.673454 -0.00892751 1.00412 0.353314 
0.673546 -0.0208436 1.03795 0.415715 
0.630988 0.0854355 0.839081 0.162892 
0.620214 0.118661 0.992946 0.152757 
0.600466 0.139425 1.13436 0.0597431 
0.615757 0.125821 1.30176 0.0164358 
0.619674 0.127665 1.35857 0.0208769 
0.640012 0.130372 1.4853 0.0226201 
0.679124 0.117547 1.50143 0.00338291 
0.708736 0.1063 1.5446 0.0314168 
0.726944 0.0951102 1.5446 0.0308539 
0.818676 0.0288907 1.5446 0.0969984 
0.86107 0.0119043 1.5446 0.1309 
0.880654 -0.0397144 1.5446 0.187032 
0.876948 -0.0560849 1.5446 0.209505 
0.897436 -0.0273692 1.5446 0.178354 
0.888766 -0.0260336 1.5446 0.155984 
0.877975 -0.0338313 1.5446 0.17607 
0.877126 -0.0435438 1.5446 0.184313 
0.879248 -0.0525084 1.5446 0.181068 
0.879993 -0.0532388 1.5446 0.195092 
0.888428 -0.0698138 1.5446 0.211811 
0.889568 -0.0747614 1.5446 0.224022 
0.889377 -0.0737544 1.5446 0.231665 
0.880728 -0.0482973 1.5446 0.242174 
0.820249 -0.0249188 1.5446 0.210255 
0.833716 -0.0342336 1.5446 0.224241 
0.821274 -0.00143739 1.5446 0.163595 
0.82976 -0.000648644 1.5446 0.183263 
0.83784 0.0101842 1.5446 0.22597 
0.844622 0.0119895 1.5446 0.244775 
0.856867 0.0411457 1.5446 0.26755 
0.868756 0.0540558 1.5446 1.23269 
0.88633 0.0606995 1.5446 0.392813 
0.914525 0.0666695 1.5446 0.327488 
0.890942 0.0227092 1.54738 0.382994 
0.894238 0.00578506 1.5446 0.248637 
0.919167 0.0195189 1.5446 0.0480004 
0.969106 -0.0045786 1.5446 0.522423 
0.865448 -0.0675325 1.40808 0.785256 
0.784533 -0.201013 1.36875 0.895019 
0.82601 -0.15916 1.38426 0.914887 
0.82466 -0.120235 1.40952 1.0368 
0.900282 -0.0938325 1.44399 1.45009 
0.848135 -0.0761049 1.46249 1.01588 
0.77894 -0.0797664 1.36766 1.0207 
0.75047 -0.0659017 1.32618 0.956668 
0.805919 -0.0556644 1.42192 1.29553 
0.82903 -0.0522187 1.49852 1.16217 
0.882585 -0.0948503 1.5446 0.990855 
0.952364 -0.0770933 1.5446 0.805756 
0.929597 -0.0615233 1.5446 0.664762 
0.974671 -0.0643485 1.5446 0.557696 
0.969621 -0.0758203 1.5446 0.539096 
0.967602 -0.0746802 1.5446 0.42686 
0.958103 -0.0655406 1.5446 0.391557 
0.935464 -0.0991635 1.5446 0.398525 
0.845028 -0.0468903 1.5446 0.369798 
0.776704 -0.0202541 1.5446 0.281873 
0.745998 -0.0059981 1.5446 0.224928 
0.743081 0.0128805 1.5446 0.195446 
0.742959 0.0116172 1.5446 0.175858 
0.794154 -0.0184658 1.5446 0.232704 
0.825384 -0.0562951 1.5446 0.207864 
0.824573 -0.078238 1.5446 0.212469 
0.822325 -0.0863247 1.5214 0.198548 
0.816534 -0.0877863 1.5165 0.196501 
0.819326 -0.0909831 1.51843 0.196774 
0.827578 -0.0844021 1.5446 0.200584 
0.84862 -0.0888278 1.5322 0.20595 
0.85073 -0.0886597 1.54734 0.208344 
0.845437 -0.087696 1.53364 0.20233 
0.804623 -0.0264938 1.5446 0.204141 
0.793017 -0.00511996 1.5446 0.210793 
0.802718 0.00838513 1.5446 0.209507 
0.796091 0.00329307 1.4758 0.175596 
0.79427 0.00537467 1.49847 0.184364 
0.815539 -0.00727914 1.5446 0.420556 
0.89475 -0.0372099 1.5446 0.386844 
0.936958 -0.0630429 1.5446 0.463792 
0.96985 -0.0696802 1.5446 0.541583 
1.00442 -0.075083 1.5446 0.694796 
0.912128 -0.0777024 1.5446 0.802196 
0.911539 -0.0654881 1.47852 1.07594 
0.858445 -0.108327 1.32866 1.14435 
0.888992 -0.092718 1.31741 1.3666 
0.911246 -0.0983475 1.29123 1.61219 
0.9386 -0.152385 1.28879 1.48004 
0.908731 -0.166765 1.19616 1.54179 
0.891695 -0.184514 1.13444 1.40441 
0.888243 -0.178834 1.0955 1.46728 
0.867998 -0.134938 1.06431 1.39048 
0.906691 -0.160219 1.13573 1.44299 
0.922694 -0.194877 1.1827 1.44059 
0.95767 -0.221935 1.17173 1.29939 
0.936823 -0.208883 1.13702 1.36529 
0.918051 -0.204254 1.15238 1.34195 
0.908519 -0.192014 1.1344 1.22886 
0.893874 -0.177799 1.15798 1.01452 
0.901547 -0.189124 1.26411 0.907507 
0.899511 -0.190976 1.26229 0.799141 
0.903196 -0.176393 1.21498 0.734417 
0.923387 -0.182294 1.23262 0.709983 
0.995672 -0.108651 1.14429 0.669948 
0.995045 -0.0729145 1.06019 0.632852 
0.648833 0.108552 0.560637 0.221886 
0.521166 0.111567 0.442536 0.132552 
0.505624 0.091892 0.430784 0.121832 
0.535305 0.0891705 0.436937 0.109537 
0.5556 0.102584 0.490304 0.152389 
0.557382 0.107855 0.4815 0.112927 
0.576409 0.121452 0.477226 0.0905251 
0.565445 0.133044 0.423793 0.0743017 
0.475311 0.145585 0.348542 0.0814792 
0.432948 0.217856 0.322448 0.0644828 
0.410892 0.260388 0.301358 0.0318278 
0.415039 0.244654 0.291256 0.0155295 
0.375509 0.274692 0.304367 0.00114512 
0.401043 0.272834 0.308686 0.00935416 
0.484455 0.133561 0.343509 0.021183 
0.57766 0.141769 0.376973 0.0304513 
0.61358 0.139513 0.458241 0.0585023 
0.615891 0.144883 0.67141 0.0441937 
0.587849 0.144653 0.704065 0.0643624 
0.608654 0.118581 0.784705 0.0916535 
0.69427 0.0341677 0.885945 0.269296 
0.723097 0.0109744 1.0424 0.409221 
0.710723 0.00457294 1.07072 0.338846 
0.728672 -0.0151384 1.1757 0.399435 
0.727828 -0.0133217 1.27793 0.46714 
0.74085 -0.0171602 1.34777 0.516068 
0.739785 -0.00178194 1.40043 0.512015 
0.707581 0.0364061 1.40525 0.416959 
0.686672 0.0610322 1.43559 0.431949 
0.667501 0.0541563 1.4237 0.486545 
0.738147 0.0376387 1.40931 0.52797 
0.740134 0.0715588 1.54212 0.746883 
0.718848 0.0842277 1.54098 0.691123 
0.718839 0.071928 1.5446 0.700447 
0.709398 0.0855231 1.5446 0.756083 
0.706268 0.0843286 1.5446 0.749838 
0.714195 0.0927331 1.5446 0.517698 
0.774637 0.0579647 1.5446 0.748632 
0.817763 0.0145541 1.5446 0.617242 
0.842 0.00485878 1.5446 0.884754 
0.857684 0.00789838 1.5446 0.851386 
0.896874 -0.00408974 1.5446 0.578138 
0.882464 0.0202346 1.5446 0.525661 
0.887497 0.0138389 1.5446 0.508289 
0.888624 0.000297129 1.5446 0.932263 
0.883659 -0.00520376 1.5446 0.924139 
0.868165 -0.0182555 1.5446 0.836403 
0.861804 -0.0016893 1.5446 0.865838 
0.849122 0.0116951 1.5446 0.971181 
0.838395 -0.00370152 1.5446 0.560707 
0.838892 -0.00234926 1.5446 0.542792 
0.830575 0.00932261 1.5446 0.858268 
0.794734 0.0648719 1.5446 0.784616 
0.795446 0.0598723 1.5446 0.734152 
0.798609 0.0530312 1.5446 0.765084 
0.804383 0.0461606 1.5446 0.792636 
0.828163 0.0498193 1.5446 0.791432 
0.813358 0.0600669 1.5446 0.792883 
0.818088 0.0475383 1.5446 0.763804 
0.819163 0.0272121 1.52395 0.778432 
0.805279 0.0260423 1.46712 0.770804 
0.803146 0.0248626 1.5446 0.488098 
0.80043 0.030839 1.46397 0.497178 
0.790045 0.0456493 1.41187 0.504485 
0.772546 0.070134 1.38763 0.531154 
0.784429 0.0500699 1.29971 0.501577 
0.913644 -0.0836708 1.44992 0.532032 
0.915691 -0.108687 1.41955 0.515762 
0.962412 -0.131129 1.50852 0.480482 
1.0128 -0.152099 1.48572 0.515829 
1.00128 -0.13642 1.40857 0.497795 
0.985209 -0.126665 1.35411 0.462049 
0.938331 -0.100037 1.22214 0.418069 
0.912647 -0.0875809 1.13202 0.398939 
0.756333 -0.0177783 0.85136 0.327234 
0.694676 -0.00623863 0.718206 0.28323 
0.704971 0.0194775 0.721919 0.28112 
0.691556 0.0483893 0.660298 0.224743 
0.674785 0.0738549 0.601103 0.163606 
0.643659 0.0992159 0.507968 0.114268 
0.632081 0.147494 0.466989 0.0794097 
0.661878 0.150104 0.491661 0.0742334 
0.664631 0.158396 0.435463 0.05469 
0.622053 0.166024 0.340396 0.00553506 
0.647678 0.154643 0.397671 0.0214014 
0.663211 0.12905 0.385688 0.0247541 
0.606884 0.185223 0.342076 0.0524343 
0.61603 0.182153 0.34757 0.059528 
0.600128 0.213084 0.341144 0.0853187 
0.612866 0.220012 0.35766 0.120688 
0.622025 0.205355 0.412416 0.166167 
0.611209 0.217674 0.440844 0.189308 
0.605862 0.212397 0.468571 0.223616 
0.541122 0.199398 0.383387 0.179804 
0.558369 0.196216 0.490877 0.213595 
0.557653 0.172156 0.55078 0.279731 
0.568593 0.128431 0.611498 0.259025 
0.547202 0.161621 0.671701 1.2737 
0.442911 0.168938 0.227004 0.382146 
0.483531 0.118301 0.401217 0.217459 
0.442364 0.0744513 0.614705 0.134468 
0.478093 0.0376076 0.678533 0.151683 
0.573484 -0.00283064 0.824871 0.320333 
0.686202 -0.00940175 0.999489 0.414913 
0.675632 -0.0443159 1.26849 0.285697 
0.659649 -0.0358932 1.14536 0.325218 
0.616765 0.0176348 1.11187 0.494845 
0.534724 0.0971164 1.10277 0.347734 
0.488491 0.1267 1.07155 0.220406 
0.465225 0.0858532 0.739449 0.253101 
0.455928 -0.0496049 1.10631 0.672146 
0.49129 -0.0322729 1.14681 0.717094 
0.478447 -0.0467534 1.14921 0.74782 
0.486513 -0.0574484 1.00421 0.473238 
0.565157 -0.023249 1.00689 0.428872 
0.568485 0.00877046 0.988693 0.406083 
0.552781 0.0129651 1.19893 0.689527 
0.547533 0.0243409 1.0333 0.488407 
0.528453 0.0277284 1.01082 0.466278 
0.476177 0.0990379 0.928644 0.379124 
0.467716 0.125439 0.825263 0.301483 
0.45154 0.138407 1.02854 0.529302 
0.447157 0.140697 0.817061 0.360288 
0.431861 0.147496 0.716718 0.358236 
0.423706 0.133907 0.727562 0.349646 
0.422152 0.141986 0.738729 0.343462 
0.406476 0.16288 0.741406 0.312018 
0.377609 0.202813 0.691761 0.22922 
0.393265 0.179767 0.918659 0.432294 
0.380693 0.182908 0.87715 0.351666 
0.373445 0.19549 0.862058 0.365992 
0.385826 0.185493 0.837703 0.380884 
0.383945 0.188699 0.621995 0.185463 
0.392642 0.184043 0.802863 0.357759 
0.406089 0.171817 0.782753 0.356481 
0.486888 0.173388 0.844544 0.355394 
0.47994 0.258016 0.697769 0.195215 
0.422192 0.3142 0.775275 0.186421 
0.384596 0.24739 0.792667 0.233519 
0.405023 0.227798 0.808102 0.182872 
0.43727 0.235881 0.798327 0.1373 
0.458739 0.223456 0.761332 0.158324 
0.497357 0.211989 0.728371 0.0056943 
0.433099 0.174432 0.514512 0.0838776 
0.466946 0.152826 0.524298 0.0705218 
0.420647 0.166222 0.37159 0.152498 
0.419865 0.152553 0.355242 0.181507 
0.448012 0.098397 0.391613 0.227297 
0.5027 0.0421989 0.476008 0.301421 
0.497495 0.0231643 0.474827 0.236587 
0.498171 0.0113464 0.474826 0.187657 
0.42713 0.0372821 0.404279 0.0861408 
0.467647 0.0170187 0.424159 0.0893451 
0.46662 0.0301474 0.38442 0.0497595 
0.49893 0.117298 0.434975 0.0827466 
0.525166 0.119795 0.462326 0.104971 
0.47897 0.15177 0.424233 0.0821458 
0.524555 0.187153 0.414108 0.0544484 
0.523071 0.165213 0.409059 0.0395488 
0.56974 0.143538 0.420333 0.0355895 
0.584264 0.105116 0.444197 0.0392781 
0.573755 0.0894404 0.469647 0.0356314 
0.604749 0.098756 0.460354 0.0221568 
0.61134 0.114572 0.508298 0.0141012 
0.625875 0.117662 0.540526 0.00288871 
0.650666 0.102756 0.580621 0.0113624 
0.653222 0.0971461 0.533728 0.0160727 
0.639188 0.0586814 0.649101 0.0334693 
0.637146 0.0147046 0.692715 0.0202036 
0.66203 -0.0513753 0.716579 0.0150619 
0.626066 -0.0144353 0.692518 0.0649051 
0.583721 0.0326143 0.650004 0.112539 
0.606715 0.0259157 0.69104 0.118833 
0.597435 0.0439674 0.719098 0.137851 
0.628448 -0.0186457 0.835864 0.0762607 
0.537218 0.014117 0.776724 0.272151 
0.444338 0.0954242 0.756655 0.775886 
0.427842 0.156488 0.684203 1.02227 
0.407097 0.179279 0.697926 1.05313 
0.334157 0.232229 0.616957 1.11795 
0.322994 0.254586 0.878988 1.15853 
0.282855 0.263252 0.627687 0.89531 
0.263497 0.264497 0.600802 0.925311 
0.248773 0.268579 0.580211 0.967592 
0.224254 0.304364 0.819813 1.2323 
0.198771 0.3142 0.625481 1.04204 
0.189696 0.3142 0.693507 1.15506 
0.182032 0.3142 0.805552 1.34171 
0.160287 0.3142 0.670475 1.26508 
0.137732 0.3142 0.783722 1.44914 
0.122647 0.3142 0.637249 1.12913 
0.0876779 0.3142 0.722931 0.981086 
0.0661317 0.3142 0.665505 1.06268 
0.0469676 0.3142 0.632525 1.09167 
0.0439433 0.3142 0.632923 1.11131 
0.045018 0.3142 0.663947 1.40909 
0.0510251 0.3142 0.629273 1.14001 
0.0472714 0.3142 0.631725 1.1295 
0.0555209 0.3142 0.679805 1.16294 
0.069591 0.3142 0.661675 1.38685 
0.0836962 0.3142 0.647667 1.18511 
0.0776724 0.3142 0.643304 1.39415 
0.0813565 0.3142 0.634596 1.12617 
0.0769187 0.3142 0.618784 1.08975 
0.0318967 0.3142 0.677781 1.57668 
0.0841177 0.3142 0.687833 1.5116 
0.107203 0.3142 0.551403 1.13829 
0.138472 0.3142 0.412596 1.15914 
0.187319 0.3142 0.478921 1.14097 
0.178508 0.3142 0.49509 1.16619 
0.209854 0.3142 0.556538 1.23691 
0.234595 0.3142 0.581033 1.09209 
0.259451 0.3142 0.514429 1.03401 
0.263817 0.3142 0.480948 1.04142 
0.255346 0.3142 0.468314 0.973052 
0.37151 0.3142 0.788458 0.620427 
0.408882 0.3142 0.813499 0.514967 
0.437434 0.3142 0.723216 0.367848 
0.508713 0.268518 0.726466 0.44475 
0.522459 0.248871 0.678758 0.497833 
0.587374 0.124563 0.630686 0.502315 
0.600345 0.0863883 0.657849 0.544354 
0.588097 0.0583572 0.473449 0.429331 
0.571248 -0.0188902 0.501905 0.446511 
0.632407 0.00048539 0.45114 0.401904 
0.65696 -0.0338339 0.478629 0.359728 
0.681489 -0.0581042 0.529359 0.291308 
0.718572 -0.0613606 0.561111 0.228754 
0.757976 0.00220937 0.558234 0.215233 
0.777074 0.0231809 0.55519 0.196827 
0.749063 -0.0110358 0.589879 0.180177 
0.759739 -0.041608 0.543658 0.177037 
0.699617 -0.0413225 0.495887 0.188337 
0.676144 -0.0839071 0.497836 0.177994 
0.684305 -0.0658761 0.531967 0.178371 
0.696942 -0.0722542 0.522108 0.180432 
0.700131 -0.0684151 0.537111 0.197202 
0.701245 -0.0836193 0.549334 0.20267 
0.694261 -0.0780956 0.540877 0.195108 
0.719906 -0.105619 0.580613 0.185289 
0.739134 -0.0890881 0.612781 0.193562 
0.739847 -0.0855274 0.642242 0.202213 
0.732188 -0.0782748 0.649144 0.204364 
0.733042 -0.041239 0.673276 0.202745 
0.721256 -0.0187323 0.663458 0.200979 
0.719192 0.0295722 0.706403 0.239677 
0.711313 0.0375223 0.721695 0.251961 
0.65747 0.0594335 0.668099 0.292269 
0.567881 0.0391359 0.56499 0.220449 
0.598106 0.0265692 0.594266 0.235676 
0.60857 0.0457975 0.624687 0.24577 
0.625194 0.0641719 0.65769 0.273439 
0.613454 0.0449061 0.652639 0.182113 
0.614462 0.0216397 0.676478 0.129565 
0.592454 0.0614106 0.605591 0.100033 
0.52387 0.113174 0.512713 0.0964015 
0.46995 0.165686 0.502681 0.0612027 
1.06337 0.0403633 1.21371 1.14297 
0.867231 0.0153903 1.02702 0.914533 
0.781508 -6.08861e-05 0.955521 1.02664 
0.639752 0.0535852 0.794335 0.969444 
0.586812 0.0294652 0.722754 1.02143 
0.443014 0.038506 0.508172 0.868418 
0.437654 -0.0230688 0.545276 0.883782 
0.420312 -0.0230538 0.585883 0.89116 
0.437123 -0.0677967 0.621787 0.946462 
0.453771 -0.0829309 0.653617 1.01697 
0.482988 -0.12639 0.703416 1.07662 
0.546108 -0.126999 0.792111 1.1487 
0.569908 -0.159065 0.851865 1.27496 
0.603329 -0.16768 0.889741 1.30923 
0.602112 -0.199346 0.921479 1.30988 
0.598622 -0.205939 0.909562 1.33804 
0.593662 -0.203717 0.910144 1.33845 
0.576703 -0.216575 0.909473 1.34196 
0.565474 -0.215881 0.897647 1.3767 
0.55908 -0.214907 0.882986 1.40433 
0.553634 -0.214085 0.858022 1.35606 
0.554657 -0.226443 0.874614 1.44726 
0.555513 -0.231651 0.880536 1.46743 
0.53599 -0.203452 0.86155 1.45756 
0.53593 -0.217407 0.860378 1.49901 
0.548356 -0.212469 0.859061 1.55903 
0.564992 -0.2568 0.885892 1.56821 
0.563394 -0.280399 0.906805 1.55785 
0.559832 -0.261131 0.891075 1.53926 
0.552836 -0.260558 0.869249 1.67072 
0.552562 -0.259261 0.867139 1.65861 
0.563328 -0.276665 0.886167 1.64615 
0.583704 -0.298173 0.902334 1.69158 
0.583386 -0.3099 0.891762 1.61648 
0.562717 -0.280649 0.886467 1.62669 
0.560473 -0.259273 0.868928 1.62269 
0.561022 -0.238002 0.853233 1.72415 
0.562337 -0.228579 0.845665 1.65806 
0.573902 -0.24038 0.854705 1.6861 
0.582319 -0.25113 0.864693 1.70616 
0.587659 -0.270511 0.792006 1.82742 
0.594055 -0.303269 0.743928 1.97672 
0.580927 -0.3112 0.72858 2.0857 
0.571527 -0.298834 0.73577 2.0857 
0.549638 -0.26173 0.73214 2.0857 
0.532223 -0.23933 0.716106 2.0857 
0.524083 -0.229165 0.725615 2.0857 
0.527272 -0.247344 0.741556 2.0857 
0.533678 -0.258783 0.750105 2.0857 
0.532371 -0.277233 0.916374 2.0857 
0.526847 -0.257935 0.890371 2.0857 
0.562288 -0.280254 0.923162 2.0857 
0.545173 -0.285454 0.899778 2.0857 
0.532826 -0.295265 0.810954 1.77155 
0.525083 -0.304257 0.796344 1.75689 
0.530198 -0.326658 0.84391 1.73918 
0.530223 -0.336475 0.915668 2.03868 
0.534243 -0.334424 0.865282 1.8674 
0.530928 -0.320443 0.875988 1.85338 
0.550234 -0.360024 0.893687 1.82516 
0.549137 -0.387 0.903115 1.77876 
0.567232 -0.430515 0.96968 1.81541 
0.576119 -0.483609 0.912482 1.6571 
0.566444 -0.481653 0.989638 1.77555 
0.559793 -0.470013 0.990926 1.83793 
0.565757 -0.491138 0.997059 1.80627 
0.558574 -0.532082 1.02754 1.7516 
0.573386 -0.584394 1.1301 1.78681 
0.562912 -0.55784 1.02763 1.69691 
0.562375 -0.521724 1.03994 1.77063 
0.572786 -0.522689 1.06866 1.80394 
0.570808 -0.517416 1.0476 1.81896 
0.574799 -0.527501 1.05791 1.83184 
0.568655 -0.521723 1.04361 1.78775 
0.558856 -0.50016 1.04287 1.77471 
0.516657 -0.435924 0.96482 1.64561 
0.502219 -0.421916 0.961978 1.6275 
0.48305 -0.435091 0.964609 1.56317 
0.4846 -0.437178 0.97706 1.54545 
0.500842 -0.443017 0.97288 1.45918 
0.514441 -0.520278 1.05404 1.51582 
0.507242 -0.575201 1.13866 1.55739 
0.521373 -0.612863 1.21181 1.60111 
0.546134 -0.626345 1.27071 1.57153 
0.555418 -0.640082 1.33604 1.61158 
0.566045 -0.640927 1.3506 1.6099 
0.580001 -0.565936 1.31627 1.62256 
0.612796 -0.587872 1.19287 1.67291 
0.625488 -0.588247 1.20685 1.6729 
0.627336 -0.557135 1.25389 1.57802 
0.633639 -0.386868 1.08397 1.5871 
0.548166 -0.33882 1.12 1.21701 
0.465786 -0.245744 1.03878 1.0262 
0.466792 -0.224438 1.05726 0.97116 
0.483606 -0.179036 1.01553 0.964073 
0.440995 -0.119518 0.871308 0.799144 
0.377766 -0.0413295 0.736687 0.74807 
0.403366 -0.0606025 0.793842 0.730851 
0.407025 -0.0768959 0.858396 0.549195 
0.434395 -0.130049 0.849405 0.565842 
0.415343 -0.132638 0.896531 0.593102 
0.383341 -0.014199 0.751379 0.591437 
0.434256 -0.0267594 0.785632 0.535331 
0.454653 -0.065192 0.845221 0.55036 
0.442887 -0.0262117 0.881929 0.532859 
0.44426 -0.0183399 0.928598 0.490138 
0.457915 -0.0055851 0.944172 0.466277 
0.458314 0.0239522 0.953769 0.394398 
0.465403 0.0516429 0.978366 0.341834 
0.398604 0.128343 0.828504 0.164758 
0.311882 0.212492 0.736069 0.117678 
0.225302 0.22937 0.651602 0.351887 
0.227085 0.264548 0.738912 0.435229 
0.198104 0.265877 0.695522 0.49152 
0.200834 0.275331 0.902425 0.689301 
0.214667 0.3142 0.912981 0.793766 
0.223199 0.3142 0.767991 0.816978 
0.233256 0.3142 0.719677 0.732582 
0.233142 0.3142 0.816098 0.874139 
0.240346 0.3142 0.749945 0.875266 
0.257893 0.260959 0.821279 0.779171 
0.284438 0.219443 0.75368 0.863484 
0.295165 0.204877 0.859238 0.886697 
0.322837 0.18562 0.812813 0.948777 
0.340364 0.153162 0.789567 0.906899 
0.392015 0.163158 0.840631 0.866997 
0.423425 0.236618 0.828122 0.902063 
0.39692 0.231321 0.855161 0.946209 
0.387917 0.226449 0.840987 0.957356 
0.381297 0.217549 0.825126 0.955464 
0.38955 0.2087 0.84307 0.970634 
0.393772 0.168724 0.843874 0.974151 
0.412737 0.162346 0.835267 1.00277 
0.420872 0.149721 0.841454 1.02508 
0.426899 0.125502 0.827142 1.03546 
0.422826 0.107844 0.831709 1.02711 
0.440427 0.102433 0.815307 1.07654 
0.429159 0.120696 0.791187 1.07068 
0.433581 0.107448 0.827062 1.07486 
0.47756 0.132684 0.799105 1.04005 
0.462884 0.159167 0.781672 1.0555 
0.464616 0.11987 0.819407 1.07541 
0.452597 0.14449 0.848742 1.10496 
0.417911 0.134311 0.822395 1.17169 
0.391221 0.212189 0.825279 1.20583 
0.382247 0.195646 0.787588 1.21257 
0.348325 0.146572 0.77546 1.14396 
0.324587 0.136311 0.798561 1.14939 
0.289113 0.146799 0.878953 1.16493 
0.244483 0.208943 0.767719 1.19794 
0.251238 0.168362 0.839373 0.864285 
0.235067 0.163624 0.867213 0.797104 
0.216542 0.159111 0.876628 0.672047 
0.185397 0.165601 0.877111 0.629894 
0.132133 0.193808 0.781702 0.533974 
0.110286 0.205708 0.779745 0.469974 
0.0956808 0.18822 0.869522 0.554055 
-0.0132932 0.131564 0.735453 0.340489 
-0.0476977 0.101291 0.751728 0.259505 
-0.0091807 0.1708 0.738241 0.198072 
0.0428722 0.102316 0.74427 0.0551536 
0.207001 0.0333414 1.02862 0.501546 
0.247275 -0.0856098 1.04711 0.699844 
0.290495 -0.0704167 1.11956 0.604086 
0.325553 -0.0644013 1.14326 0.665208 
0.367544 -0.121064 1.17553 0.96018 
0.419954 -0.168452 1.25728 1.12269 
0.48603 -0.177787 1.33453 1.13446 
0.44581 -0.190137 1.27226 1.12087 
0.408348 -0.141816 1.18984 1.03249 
0.353859 -0.0751911 1.22845 0.787814 
0.346608 0.0443208 1.1977 0.509525 
0.332744 0.144315 1.02846 0.255087 
0.229408 0.233841 0.615243 0.0298662 
0.191148 0.272523 0.51165 0.15398 
0.639933 -0.0341958 1.07133 0.688489 
0.601129 -0.088216 1.1409 0.70266 
0.513396 0.02113 0.951502 0.394928 
0.525379 -0.0423663 0.980618 0.461286 
0.538861 -0.0413153 0.804242 0.475117 
0.570836 -0.0780279 0.721156 0.449539 
0.57973 -0.0826596 0.660446 0.385455 
0.567852 -0.0331376 0.577898 0.306876 
0.619286 -0.046063 0.615595 0.286625 
0.605762 -0.0148188 0.536038 0.201692 
0.595847 0.00560828 0.514145 0.151922 
0.632445 0.0100321 0.547014 0.189754 
0.686645 -0.0323435 0.578861 0.2178 
0.699107 -0.0373872 0.611643 0.222114 
0.719865 -0.0323273 0.639819 0.231072 
0.725387 -0.0637967 0.636754 0.256565 
0.745662 -0.0506331 0.623239 0.217131 
0.726178 -0.0585462 0.585412 0.180093 
0.739026 -0.0720498 0.573287 0.185469 
0.714661 -0.0804815 0.548678 0.160037 
0.690448 -0.102386 0.507028 0.159386 
0.696952 -0.0927657 0.52747 0.163777 
0.686134 -0.0904261 0.514387 0.143739 
0.699893 -0.0495128 0.517179 0.145071 
0.692948 -0.0355078 0.550949 0.158479 
0.692391 -0.00898683 0.549415 0.15052 
0.697147 0.00743928 0.569479 0.163846 
0.659836 0.0222232 0.554781 0.168917 
0.670863 0.0336511 0.592587 0.176479 
0.706685 0.0529509 0.629463 0.18457 
0.714871 0.0217787 0.646447 0.17431 
0.691108 0.0292374 0.645284 0.155265 
0.65026 0.0558987 0.631742 0.0969677 
0.650705 -0.00273139 0.736125 0.182966 
0.674182 -0.00436783 0.853416 0.254461 
0.676178 -0.0462674 0.925182 0.31615 
0.62649 -0.0613504 0.911815 0.332218 
0.610353 -0.0387513 0.948321 0.358502 
0.531129 -0.0429917 0.830724 0.248133 
0.55162 -0.0717604 0.946015 0.34064 
0.596787 -0.214701 1.31064 0.847232 
0.609257 -0.25814 1.35624 0.969726 
0.62235 -0.284852 1.32198 1.15264 
0.568368 -0.285548 1.29417 1.18986 
0.578174 -0.293802 1.3384 1.17057 
0.658728 -0.356045 1.51604 1.24861 
0.690851 -0.312724 1.46884 1.24278 
0.735148 -0.32389 1.51919 0.927636 
0.76232 -0.311973 1.49766 0.89153 
0.752694 -0.27725 1.53034 0.901214 
0.747337 -0.243733 1.53722 0.93979 
0.734367 -0.220889 1.45705 1.18401 
0.694439 -0.196491 1.40711 1.15079 
0.685376 -0.171123 1.38655 1.13132 
0.629067 -0.103252 1.29475 1.06157 
0.585822 -0.0713664 1.22143 0.750989 
0.561921 -0.055398 1.21977 0.774054 
0.590272 -0.076055 1.28959 0.82929 
0.592886 -0.0693126 1.2928 0.84109 
0.613036 -0.135116 1.33187 0.914529 
0.632867 -0.17769 1.35715 1.01238 
0.637037 -0.205386 1.27577 1.11025 
0.622877 -0.16528 1.34416 1.02077 
0.63173 -0.151574 1.35493 0.985938 
0.635713 -0.173944 1.36141 0.983709 
0.637109 -0.188856 1.33072 0.94869 
0.569381 -0.116284 1.12851 0.951435 
0.508137 -0.167241 0.996113 0.668133 
0.585413 -0.301917 1.17263 1.15019 
0.609298 -0.286887 1.14471 1.13962 
0.633659 -0.295818 1.16377 1.14947 
0.626119 -0.243295 1.12276 1.1209 
0.612881 -0.224092 1.1234 1.08415 
0.584896 -0.179032 1.11211 1.13522 
0.543886 -0.178735 1.10545 1.09386 
0.5599 -0.141064 1.10906 1.06723 
0.56791 -0.111797 1.14378 0.69788 
0.555035 -0.0392871 0.999384 0.5444 
0.565137 -0.0128815 0.975282 0.439118 
0.554737 0.0229735 0.96376 0.431473 
0.538785 0.0723096 0.993507 0.380565 
0.535689 0.115817 1.02219 0.330807 
0.482225 0.204879 0.965416 0.167212 
0.391843 0.253924 0.950166 0.0577699 
0.32086 0.288307 0.896152 0.266263 
0.284467 0.3142 0.837482 0.429938 
0.25981 0.287847 0.795967 0.531 
0.291561 0.23341 0.8225 0.546818 
0.322583 0.191865 0.877471 0.547496 
0.342324 0.194401 0.901262 0.541594 
0.405382 0.203548 0.968571 0.566212 
0.475732 0.164073 1.01169 0.488312 
0.510094 0.145257 1.06426 0.510295 
0.523166 0.15846 1.06118 0.581648 
0.512849 0.193525 1.03852 0.657533 
0.372868 0.187102 0.886967 0.949195 
0.349144 0.240802 0.816233 1.07635 
0.34031 0.208774 0.779365 1.1084 
0.363952 0.190614 0.765168 1.17442 
0.361597 0.183516 0.746985 1.2104 
0.378164 0.175753 0.77035 1.21838 
0.39642 0.161336 0.883196 1.22815 
0.344054 0.277377 0.745499 1.50321 
0.340847 0.259975 0.711034 1.51435 
0.322894 0.270842 0.670277 1.47276 
0.328707 0.293292 0.670622 1.48102 
0.337196 0.3142 0.648521 1.48036 
0.389769 0.311554 0.715331 1.38621 
0.408225 0.276945 0.761682 1.31703 
0.413462 0.25585 0.798779 1.2768 
0.416925 0.251768 0.805795 1.2689 
0.422357 0.246688 0.803318 1.28181 
0.421447 0.253043 0.789985 1.32513 
0.389953 0.190446 0.775459 1.28088 
0.365464 0.208414 0.782344 1.23221 
0.362535 0.227295 0.800213 1.24837 
0.371143 0.208207 0.796592 1.18658 
0.350002 0.225826 0.769733 1.04609 
0.300631 0.276797 0.760576 1.16373 
0.212524 0.3142 0.77807 0.823164 
0.0885589 0.3142 0.489879 1.07213 
0.0267121 0.3142 0.519014 1.11091 
0.0654178 0.3142 0.639097 1.14872 
0.0869234 0.3142 0.570881 0.916185 
0.133287 0.3142 0.58285 1.48576 
0.195969 0.223164 0.647503 0.895867 
0.312001 0.223934 0.74709 0.747776 
0.394741 0.205604 0.775931 0.369707 
0.466044 0.112638 0.84743 0.238627 
0.5025 0.0887958 0.834178 0.308072 
0.510439 0.0377119 0.81181 0.410225 
0.503086 0.0432807 0.734968 0.3652 
0.528112 0.0135956 0.647532 0.30769 
0.457443 0.0276912 0.451084 0.213645 
0.429447 0.0250234 0.372449 0.177582 
0.417045 0.00358271 0.369746 0.182303 
0.347445 0.0573086 0.367698 0.11575 
0.398324 0.124864 0.378692 0.0990051 
0.469361 0.0816411 0.446329 0.143007 
0.507769 0.0879762 0.45283 0.126627 
0.549141 0.0767556 0.474202 0.13799 
0.610962 0.0669559 0.47313 0.134018 
0.636158 0.0619853 0.461756 0.128568 
0.65125 0.0611117 0.429719 0.0895827 
0.663343 0.059532 0.413381 0.084653 
0.682589 0.0495354 0.400246 0.0799385 
0.67706 0.011891 0.422015 0.0864693 
0.705924 0.0270396 0.433249 0.0778527 
0.699227 0.0415169 0.453733 0.0801807 
0.729906 0.0167559 0.456086 0.0794398 
0.758141 0.012025 0.504273 0.0948376 
0.752869 0.0106517 0.560561 0.105361 
0.749672 0.00522724 0.639778 0.12329 
0.765191 0.0169303 0.674203 0.120529 
0.672132 0.0690444 0.560067 0.0974167 
0.643056 0.0545934 0.609277 0.143442 
0.618438 0.0664226 0.619689 0.12665 
0.593427 0.0562891 0.68217 0.166545 
0.587959 0.037371 0.783046 0.236303 
0.627074 0.00198293 0.903712 0.304416 
0.598667 -0.0109634 0.976645 0.342958 
0.58506 0.00156664 1.0173 0.366361 
0.457912 -0.0426137 1.02583 0.562572 
0.501519 -0.108796 1.11959 0.780765 
0.491238 -0.176906 1.17834 0.915178 
0.512393 -0.157587 1.21873 0.854896 
0.515063 -0.205257 1.24167 0.91977 
0.47522 -0.132251 1.21064 0.815996 
0.404566 -0.0851144 1.22498 0.586518 
0.389523 -0.0539232 1.20217 0.564886 
0.417045 0.00587669 1.18325 0.526748 
0.428833 -0.00868327 1.203 0.524484 
0.430051 -0.022503 1.22256 0.525312 
0.426834 -0.033211 1.31273 0.581638 
0.44714 -0.0325861 1.30666 0.751543 
0.459551 -0.0531469 1.31099 0.796086 
0.463967 -0.0613307 1.32397 0.865116 
0.460776 -0.0542307 1.3162 0.863127 
0.455328 -0.0421617 1.31058 0.867942 
0.455702 -0.0242685 1.29397 0.876407 
0.472623 -0.0273082 1.37625 0.804838 
0.471715 -0.0309543 1.24777 0.885832 
0.482024 -0.0514621 1.25045 0.930285 
0.474935 -0.0599199 1.21984 0.875901 
0.468478 -0.0519812 1.39427 0.820441 
0.476224 -0.0500777 1.3857 0.802647 
0.502521 -0.0875051 1.36445 0.827778 
0.5265 -0.149017 1.37105 0.865643 
0.567755 -0.0928344 1.27943 0.780305 
0.598979 -0.115424 1.27087 0.876373 
0.60651 -0.134316 1.28646 0.954818 
0.537924 -0.0785815 1.2985 0.773228 
0.537096 -0.0868626 1.08686 0.719938 
0.558654 -0.0916691 1.06982 0.656807 
0.582469 -0.0975662 0.977695 0.552152 
0.631194 -0.0615349 0.906334 0.443133 
0.671389 -0.0575683 0.87092 0.398839 
0.676099 -0.0593097 0.783642 0.340211 
0.740991 -0.0446872 0.779459 0.257298 
0.714319 -0.0111623 0.660677 0.162453 
0.697366 -0.00963512 0.595693 0.147387 
0.701289 0.0118667 0.537354 0.105549 
0.724382 0.00115395 0.575281 0.132037 
0.692443 0.0669435 0.482721 0.0772085 
0.677847 0.0873775 0.480135 0.0645863 
0.662969 0.108051 0.422809 0.0420832 
0.685109 0.0775903 0.412047 0.0435879 
0.718251 0.0143394 0.410796 0.0335867 
0.738531 -0.00896868 0.420555 0.0335778 
0.797958 -0.0183607 0.463033 0.044806 
0.835294 -0.0179592 0.463522 0.0480191 
0.794333 0.0560633 0.473846 0.0444788 
0.80853 0.0580931 0.451977 0.0420208 
0.785986 0.045707 0.448119 0.0333962 
0.763899 0.0257882 0.455058 0.0344351 
0.753587 0.0112909 0.432989 0.0225884 
0.750723 0.0245027 0.442223 0.0240208 
0.753747 0.0312795 0.471075 0.0263091 
0.763538 0.0207609 0.385417 0.0185196 
0.777988 0.0159553 0.415091 0.0239264 
0.770647 0.0234139 0.426963 0.0237011 
0.785222 0.0389611 0.580704 0.0312742 
0.807236 0.0341044 0.644109 0.0383005 
0.807954 0.0455129 0.663932 0.0385519 
0.826343 0.0437633 0.730985 0.07022 
0.814945 0.0375369 0.772699 0.0988367 
0.809796 0.0440155 0.801092 0.0917804 
0.79169 0.0274572 0.856455 0.0976639 
0.804015 0.0105518 0.924915 0.156209 
0.819693 -0.0126966 0.990491 0.221766 
0.847279 -0.0790296 1.10022 0.360704 
0.851076 -0.0738974 1.15759 0.370617 
0.859095 -0.0758896 1.22014 0.378646 
0.857539 -0.10865 1.28048 0.459413 
0.852778 -0.103175 1.31561 0.464296 
0.837668 -0.119387 1.36161 0.501808 
0.819394 -0.151484 1.4029 0.575465 
0.850859 -0.205435 1.50779 0.691654 
0.873965 -0.229246 1.5446 0.742523 
0.886013 -0.240503 1.5446 0.820266 
0.800049 -0.277634 1.5446 0.966414 
0.75616 -0.272517 1.5446 0.999315 
0.797118 -0.268319 1.5446 1.01341 
0.774369 -0.259119 1.5446 1.05254 
0.770544 -0.244771 1.5446 1.03836 
0.792207 -0.245041 1.5446 1.06714 
0.789691 -0.23127 1.5446 1.04964 
0.787701 -0.24607 1.5446 1.11495 
0.842611 -0.206321 1.5446 0.988683 
0.831297 -0.226938 1.5446 1.04605 
0.830135 -0.24232 1.5446 1.05395 
0.862243 -0.295015 1.5446 1.07095 
0.944502 -0.330671 1.5446 1.1492 
0.915384 -0.309565 1.5446 1.08086 
0.893602 -0.293217 1.5446 1.0847 
0.878034 -0.281041 1.5446 1.08247 
0.881978 -0.276407 1.5446 1.04886 
0.870767 -0.259483 1.5446 1.04826 
0.88517 -0.256599 1.5446 1.03223 
0.867124 -0.245448 1.5446 0.999885 
0.853427 -0.245089 1.5446 1.01821 
0.855812 -0.238798 1.5446 1.02499 
0.840502 -0.266091 1.5446 1.07009 
0.82603 -0.238787 1.5446 1.01762 
0.793128 -0.210353 1.5446 0.956885 
0.708512 -0.184514 1.50114 0.907613 
0.650975 -0.169342 1.5446 0.72493 
0.628302 -0.22913 1.5446 0.801431 
0.61998 -0.237622 1.5446 0.812192 
0.666996 -0.325589 1.35782 1.01482 
0.672332 -0.343633 1.39395 1.14047 
0.560179 -0.161799 1.26818 0.732063 
0.532599 -0.0547552 1.08884 0.502655 
0.575475 -0.0144559 1.03749 0.414598 
0.582036 -0.0161891 0.936815 0.410619 
0.613422 -0.0307216 0.884231 0.386146 
0.640892 -0.0449241 0.839492 0.406203 
0.629016 -0.017279 0.776852 0.365606 
0.607146 0.0242674 0.664234 0.212512 
0.615756 0.0296423 0.596255 0.138207 
0.619025 0.0564482 0.507367 0.0444775 
0.624303 0.0673479 0.463017 0.0271345 
0.568197 0.130486 0.366024 0.0836767 
0.606339 0.129284 0.365647 0.0592116 
0.614502 0.113914 0.358653 0.0362468 
0.606819 0.0915205 0.365246 0.0181555 
0.612584 0.112254 0.327311 0.0291633 
0.66043 0.0816309 0.387123 0.0314528 
0.648267 0.102285 0.363625 0.0486666 
0.603285 0.0714248 0.310381 0.0214014 
0.58459 0.0663563 0.305929 0.0239836 
0.615161 0.0724766 0.313569 0.0151211 
0.605491 0.0556281 0.316189 0.0104611 
0.58533 0.070554 0.332104 0.00487059 
0.589653 0.0786841 0.329388 nan 
0.587172 0.0789789 0.308622 0.00656916 
0.585818 0.0850176 0.313923 0.0130199 
0.58325 0.0916397 0.327053 0.0173531 
0.681818 0.0888518 0.407566 0.0408583 
0.7025 0.0689669 0.475629 0.0417875 
0.566714 0.168669 0.383661 0.0336682 
0.574795 0.135357 0.418612 0.0417689 
0.531575 0.184059 0.44452 0.0560715 
0.532686 0.193329 0.476397 0.0583625 
0.538027 0.189003 0.536531 0.112577 
0.547163 0.123875 0.625607 0.104329 
0.575328 0.120495 0.712058 0.068837 
0.604614 0.100001 0.845097 0.00823593 
0.575974 0.0539293 1.00068 0.180545 
0.441123 0.13781 0.741788 0.0350375 
0.388207 0.190079 0.924813 0.345667 
0.420263 0.19843 0.946556 0.121813 
0.411244 0.190352 1.02609 0.0365596 
0.374914 0.149614 0.790103 0.151648 
0.416627 0.0623424 1.01244 0.401748 
0.462667 0.0680243 1.11656 0.462793 
0.459318 0.0748444 1.14545 0.480384 
0.509893 0.0774066 1.31368 0.760463 
0.59328 0.0338144 1.42331 0.620694 
0.6286 0.00571129 1.46246 0.676434 
0.653159 0.0334297 1.5446 0.686885 
0.640347 0.0757038 1.5446 0.502597 
0.616039 0.094591 1.52412 0.671385 
0.581952 0.0880253 1.5446 0.838983 
0.561296 0.0841424 1.52787 0.76693 
0.570416 0.0806077 1.49808 0.769985 
0.569775 0.0820339 1.5446 0.808135 
0.570392 0.0866427 1.36352 0.47852 
0.56315 0.092809 1.5446 0.722779 
0.565227 0.0893368 1.5446 0.710009 
0.549306 0.0840266 1.5446 0.728381 
0.560705 0.046937 1.5446 0.707755 
0.581394 0.0245078 1.5446 0.691878 
0.586009 0.0389447 1.5446 0.626302 
0.589421 0.0553848 1.5446 0.621421 
0.588034 0.0593285 1.5446 0.610952 
0.593095 0.0605725 1.5446 0.593919 
0.598258 0.0612064 1.5446 0.594691 
0.603554 0.0576549 1.5446 0.597728 
0.623174 0.0581438 1.5446 0.601949 
0.616126 0.0551251 1.5446 0.637225 
0.613512 0.0531163 1.5446 0.610067 
0.616956 0.0470198 1.5446 0.599377 
0.628774 0.0489957 1.5446 0.629689 
0.633004 0.0483706 1.5446 0.620771 
0.630557 0.0485709 1.5446 0.61386 
0.627811 0.0490761 1.5446 0.607067 
0.624757 0.0466336 1.5446 0.691614 
0.619372 0.0537156 1.5446 0.677787 
0.62217 0.0568192 1.5446 0.685778 
0.62738 0.0587182 1.5446 0.672941 
0.632709 0.0562232 1.5446 0.689714 
0.627723 0.0610534 1.53643 0.711936 
0.622018 0.0661698 1.50364 0.709308 
0.614409 0.0717451 1.45991 0.700143 
0.618026 0.0733603 1.42019 0.711152 
0.61851 0.0772356 1.3572 0.676131 
0.620122 0.0756154 1.5446 0.505178 
0.629267 0.0735781 1.41803 0.479642 
0.625013 0.0699855 1.33872 0.491403 
0.638255 0.0634343 1.31652 0.521075 
0.67694 0.0248699 1.26316 0.650871 
0.696693 0.0184093 1.16389 0.565427 
0.70579 0.0150086 1.04474 0.510883 
0.74855 -0.0167744 1.02373 0.456756 
0.776554 0.0573425 0.971726 0.400494 
0.749399 0.0417171 0.868548 0.380405 
0.712709 -0.0511424 0.705327 0.318519 
0.644583 -0.0465928 0.563801 0.276031 
0.59427 -0.058033 0.422432 0.181417 
0.564972 -0.0559751 0.294543 0.0900458 
0.572787 0.027387 0.227653 0.0425622 
0.586167 0.131765 0.239862 0.0120647 
0.632124 0.140571 0.211929 0.00320188 
0.634684 0.141266 0.224853 0.000690534 
0.634989 0.112982 0.213319 0.00428465 
0.627617 0.084241 0.262661 0.000976562 
0.628648 0.0781418 0.24438 0.00280496 
0.63724 0.0722098 0.240975 0.00776661 
0.647381 0.115213 0.176885 0.0352191 
0.627918 0.114556 0.199323 0.0267673 
0.625422 0.119882 0.200589 0.0363175 
0.61496 0.124894 0.203997 0.0313123 
0.634483 0.091805 0.213937 0.0304709 
0.623477 0.120045 0.206243 0.0329704 
0.638001 0.144481 0.222821 0.0499294 
0.713816 0.0892475 0.239637 0.0550302 
0.704595 0.108003 0.227325 0.0549119 
0.691405 0.128582 0.237353 0.0632745 
0.689946 0.13698 0.238566 0.0457281 
0.705517 0.122027 0.266075 0.0319661 
0.729076 0.11045 0.277559 0.0256297 
0.767727 0.0863405 0.352061 0.00676584 
0.751387 0.0954123 0.319088 0.00648699 
0.734204 0.104821 0.326288 0.010444 
0.725443 0.111827 0.344565 0.0125443 
0.715365 0.113037 0.358824 0.00581855 
0.709452 0.111938 0.388461 0.000845728 
0.704489 0.110288 0.421925 0 
0.695143 0.10798 0.472562 0.01253 
0.686687 0.0993361 0.493614 0.0240159 
0.763399 0.0625648 0.694257 0.105175 
0.724857 0.0748932 0.698718 0.0782532 
0.762339 0.0488468 0.846345 0.131512 
0.786906 0.0200979 0.961361 0.218348 
0.800779 -0.0288155 1.02975 0.362799 
0.787522 -0.0182467 1.1725 0.397739 
0.793246 -0.0375579 1.31148 0.450614 
0.802823 -0.0471739 1.34302 0.429475 
0.846792 -0.0799387 1.54465 0.563742 
0.899511 -0.126321 1.5446 0.670918 
0.961079 -0.171296 1.5446 0.826783 
0.990159 -0.18229 1.5446 0.799851 
1.02772 -0.181186 1.5446 0.740135 
1.02485 -0.170571 1.5446 0.728594 
1.00862 -0.127289 1.5446 0.630952 
0.97828 -0.141883 1.5446 0.654898 
1.01374 -0.16693 1.5446 0.608046 
1.04842 -0.210419 1.5446 0.666472 
1.11446 -0.212817 1.5446 0.642531 
1.10522 -0.189504 1.5446 0.596918 
1.07792 -0.164334 1.5446 0.595998 
1.08904 -0.163445 1.5446 0.599917 
1.09958 -0.160827 1.5446 0.550976 
1.10725 -0.142833 1.5446 0.506302 
1.13931 -0.129858 1.5446 0.484609 
1.13076 -0.125496 1.5446 0.500404 
1.12784 -0.119418 1.5446 0.485439 
1.19116 -0.150922 1.5446 0.500066 
1.15885 -0.133138 1.5446 0.505698 
1.08501 -0.116909 1.5446 0.440748 
1.03684 -0.124187 1.5446 0.4581 
0.998416 -0.0929285 1.5446 0.4182 
0.966695 -0.065538 1.5446 0.277275 
0.814952 -0.0281069 1.5446 0.366057 
0.772315 -0.00725529 1.5446 0.327884 
0.800012 -0.0261536 1.5446 0.472421 
0.810347 -0.0385815 1.5446 0.542747 
0.837492 -0.11733 1.5446 0.557871 
0.830615 -0.156281 1.5446 0.670473 
0.821211 -0.172381 1.5446 0.731 
0.795263 -0.196674 1.5446 0.805919 
0.78437 -0.20411 1.5446 0.819771 
0.702232 -0.126067 1.45419 0.629234 
0.598613 -0.00210551 1.19928 0.367342 
0.536175 0.0780554 0.876915 0.237802 
0.511305 0.107056 0.831405 0.308502 
0.49916 0.13097 0.75569 0.266877 
0.556763 0.0850508 0.814296 0.236 
0.597711 0.0365504 0.837367 0.252977 
0.590639 0.037317 0.750286 0.274374 
0.592862 0.0282754 0.709452 0.222371 
0.599018 0.00333367 0.629758 0.116211 
0.623814 0.0208977 0.580017 0.0109074 
0.610585 0.0757127 0.550069 0.118789 
0.586808 0.084339 0.484943 0.168453 
0.571334 0.0867888 0.447586 0.181831 
0.549958 0.122929 0.42544 0.193546 
0.53749 0.125075 0.411756 0.177489 
0.536842 0.108906 0.290084 0.137227 
0.548109 0.106837 0.284229 0.104 
0.587473 0.0368283 0.33922 0.0495686 
0.610357 0.0339214 0.359839 0.0337672 
0.625447 0.0270693 0.377779 0.0229887 
0.614837 0.0429125 0.535661 0.0623612 
0.604731 0.0539024 0.556294 0.0751234 
0.6039 0.0522209 0.597767 0.0926619 
0.558066 0.079415 0.590966 0.120743 
0.529541 0.10968 0.629048 0.151782 
0.50602 0.133052 0.662706 0.184244 
0.503097 0.14842 0.770561 0.186393 
0.405833 0.184175 0.85766 0.173277 
0.3004 0.213247 0.910252 0.364232 
0.230475 0.238984 1.021 0.495943 
0.242561 0.269814 1.1245 0.622596 
0.263783 0.255502 1.23574 0.525021 
0.294806 0.228892 1.33156 0.483848 
0.298885 0.219928 1.37282 0.422527 
0.322715 0.22027 1.44514 0.44606 
0.337451 0.203272 1.44942 0.494323 
0.326575 0.242158 1.40626 0.674989 
0.303128 0.190682 1.43969 0.696101 
0.331851 0.24243 1.47115 0.764149 
0.366186 0.242023 1.51113 0.760058 
0.401464 0.219541 1.5485 0.721613 
0.475796 0.18234 1.5446 0.676742 
0.477811 0.163841 1.5446 0.630789 
0.483062 0.143357 1.5446 0.601774 
0.526297 0.122801 1.5446 0.582606 
0.52763 0.123903 1.5446 0.596568 
0.532439 0.124962 1.5446 0.600743 
0.543545 0.112118 1.5446 0.625831 
0.530679 0.131314 1.5446 0.617127 
0.557147 0.116188 1.5446 0.61597 
0.566406 0.117382 1.5446 0.615867 
0.561376 0.120508 1.5446 0.657392 
0.54881 0.110727 1.5446 0.695385 
0.540505 0.0810084 1.5446 0.668575 
0.542081 0.094447 1.5446 0.661439 
0.542155 0.0900751 1.5446 0.64738 
0.542 0.11512 1.5446 0.636461 
0.544445 0.120292 1.5446 0.698139 
0.541419 0.127529 1.5446 0.697836 
0.536317 0.121003 1.5446 0.695913 
0.570068 0.131245 1.5446 0.671125 
0.560979 0.127672 1.5446 0.686789 
0.543592 0.134898 1.5446 0.678903 
0.540717 0.132806 1.5446 0.668781 
0.544185 0.143124 1.5446 0.638697 
0.5392 0.140641 1.5446 0.678981 
0.532961 0.145308 1.5446 0.659069 
0.535824 0.129255 1.5446 0.637734 
0.529916 0.138494 1.53452 0.65174 
0.528978 0.150148 1.52916 0.654705 
0.517689 0.162345 1.48742 0.691389 
0.50331 0.171091 1.43208 0.682714 
0.510184 0.167711 1.37298 0.675767 
0.51771 0.15541 1.29118 0.681854 
0.502567 0.174164 1.23418 0.698324 
0.495696 0.18603 1.16355 0.723772 
0.554922 0.169812 1.2352 0.449756 
0.578445 0.160091 1.23618 0.302002 
0.59514 0.113759 1.17989 0.267328 
0.607003 0.0907275 1.16828 0.255385 
0.597281 0.0872345 1.06912 0.25936 
0.58479 0.100058 1.00169 0.258114 
0.566193 0.107593 0.863851 0.270663 
0.543788 0.166079 1.0201 0.258534 
0.615669 0.131582 0.984248 0.135283 
0.722598 0.0784235 0.885424 0.0735309 
0.715251 0.106115 0.750031 0.0266781 
0.82913 0.0426665 0.826798 0.0892181 
0.865776 0.0017658 0.855064 0.165732 
0.859077 -0.000508483 0.822872 0.186114 
0.861842 -0.020728 0.739614 0.194011 
0.868565 -0.0295264 0.67569 0.208137 
0.882659 -0.0217754 0.644235 0.215132 
0.886659 -0.0253283 0.595945 0.197596 
0.869104 -0.0228007 0.54697 0.209134 
0.860097 -0.0167005 0.518081 0.19622 
0.879987 -0.0105579 0.480743 0.20289 
0.866037 -0.0201773 0.427741 0.215936 
0.880061 -0.019963 0.423561 0.219325 
0.878597 -0.0186142 0.401279 0.233852 
0.888037 -0.0119703 0.440125 0.253905 
0.868073 0.00504105 0.378634 0.248627 
0.875409 0.00522698 0.375817 0.256901 
0.89229 -0.00719173 0.433023 0.287483 
0.881787 0.0075345 0.412572 0.271282 
0.85637 0.0266345 0.357294 0.246048 
0.86297 0.0253564 0.388233 0.278658 
0.852118 0.0282606 0.423118 0.302785 
0.852937 0.0391021 0.42819 0.330643 
0.842778 0.0407427 0.419142 0.347728 
0.850395 0.0299284 0.460909 0.407974 
0.86496 0.0185301 0.501792 0.389941 
0.864165 -0.0115253 0.556839 0.472456 
0.883214 -0.045583 0.639474 0.542998 
0.882814 -0.128192 0.753697 0.603708 
0.90689 -0.139568 0.823254 0.637696 
0.907672 -0.162772 0.923943 0.698747 
0.91229 -0.177727 0.972592 0.813916 
0.896043 -0.180677 0.997889 0.77962 
0.890168 -0.180772 1.03426 0.819239 
0.890005 -0.175133 1.11278 0.869216 
0.877773 -0.157235 1.15433 0.920705 
0.836478 -0.280809 1.35028 1.0353 
0.824474 -0.373446 1.49407 0.901809 
0.806979 -0.393457 1.49136 1.1311 
0.780788 -0.43704 1.5446 1.19568 
0.762596 -0.442472 1.5446 1.26588 
0.748899 -0.440492 1.5446 1.23596 
0.739373 -0.449687 1.5446 1.25595 
0.757832 -0.438235 1.5446 1.2962 
0.761618 -0.458762 1.5446 1.31943 
0.879673 -0.395129 1.5446 1.36981 
0.913933 -0.373388 1.5446 1.46511 
0.891581 -0.399641 1.5446 1.33075 
0.878667 -0.408961 1.5446 1.37012 
0.883641 -0.39887 1.5446 1.47429 
0.876208 -0.4013 1.5446 1.40069 
0.877696 -0.394949 1.5446 1.40297 
0.858637 -0.464537 1.5446 1.44969 
0.86121 -0.449345 1.5446 1.49481 
0.869846 -0.43326 1.5446 1.50156 
0.946036 -0.409277 1.5446 1.49924 
0.917292 -0.419916 1.5446 1.42799 
0.890684 -0.411151 1.5446 1.45155 
0.874515 -0.397001 1.5446 1.48703 
0.881298 -0.390765 1.5446 1.4646 
0.901932 -0.393252 1.5446 1.38748 
0.930226 -0.401742 1.5446 1.43975 
1.0294 -0.405678 1.5446 1.47403 
1.00007 -0.414421 1.5446 1.48129 
1.01396 -0.411073 1.5446 1.50241 
1.01639 -0.441887 1.5446 1.45395 
0.932335 -0.415126 1.5446 1.49879 
0.918525 -0.388384 1.5446 1.41918 
0.898823 -0.40249 1.5446 1.40429 
0.887976 -0.386203 1.5446 1.42534 
0.874296 -0.398276 1.5446 1.52737 
0.855753 -0.400207 1.5446 1.44874 
0.844642 -0.400731 1.5446 1.43366 
0.577188 -0.0710607 1.49424 1.47563 
0.672763 -0.239121 1.5446 1.39984 
0.72954 -0.295403 1.5446 1.40984 
0.753448 -0.334678 1.5446 1.44247 
0.746178 -0.36532 1.5446 1.60075 
0.732703 -0.385546 1.5446 1.48928 
0.69336 -0.500339 1.5446 1.50953 
0.562992 -0.36065 1.5446 1.38863 
0.627989 -0.380466 1.5446 1.42764 
0.669414 -0.390843 1.5446 1.36187 
0.72953 -0.399021 1.5446 1.3903 
0.798529 -0.414614 1.5446 1.39547 
0.828793 -0.414599 1.5446 1.41863 
0.893769 -0.383852 1.5446 1.25334 
0.834013 -0.329177 1.5446 1.18545 
0.809443 -0.283976 1.5446 1.12613 
0.775201 -0.330483 1.5446 1.18397 
0.776199 -0.351187 1.5446 1.10066 
0.815441 -0.314895 1.5446 1.02258 
0.83548 -0.344719 1.5446 0.967354 
0.862651 -0.35516 1.52727 0.931523 
0.932852 -0.207979 1.21439 0.875749 
0.938071 -0.183341 1.13263 0.776076 
0.930331 -0.183247 1.0657 0.705053 
0.928908 -0.188141 0.991802 0.643389 
0.915117 -0.206444 0.951269 0.575573 
0.907857 -0.186315 0.878209 0.513233 
0.889798 -0.181501 0.846473 0.445314 
0.879263 -0.177158 0.802274 0.389609 
0.886209 -0.17706 0.805346 0.410663 
0.929364 -0.211417 0.864856 0.396113 
0.937933 -0.27123 0.901359 0.42465 
0.953358 -0.300802 0.95239 0.448205 
0.913667 -0.299227 0.883697 0.435515 
0.915562 -0.306983 0.9014 0.433464 
0.903837 -0.291241 0.922706 0.446051 
0.924057 -0.277156 0.921363 0.457113 
0.917916 -0.271968 0.920031 0.434592 
0.904028 -0.252225 0.897445 0.430063 
0.918817 -0.243676 0.934559 0.478113 
0.920864 -0.240082 0.984159 0.489426 
0.912303 -0.235369 0.990585 0.546954 
0.917126 -0.215062 1.00264 0.556024 
0.934826 -0.229786 1.03862 0.583194 
0.921913 -0.224775 1.05521 0.590795 
0.890732 -0.231216 1.05432 0.6406 
0.867438 -0.233559 1.09388 0.645823 
0.818998 -0.22284 1.0852 0.726722 
0.777892 -0.0880078 1.04231 0.681411 
0.787475 -0.0927933 1.14639 0.834884 
0.783747 -0.024448 1.16945 0.944185 
0.740518 -0.16659 1.30453 1.08662 
0.707908 -0.257004 1.38429 1.16664 
0.750045 -0.250445 1.45541 1.01317 
0.727807 -0.255316 1.50323 1.1756 
0.732085 -0.328618 1.5446 1.26621 
0.701591 -0.330593 1.5446 1.13526 
0.563133 -0.497432 1.5446 1.40193 
0.600784 -0.43181 1.5446 1.38266 
0.623099 -0.416389 1.5446 1.44797 
0.625719 -0.3776 1.5446 1.47292 
0.641433 -0.348744 1.5446 1.27239 
0.63366 -0.323993 1.5446 1.5281 
0.632321 -0.325047 1.5446 1.90986 
0.618988 -0.339761 1.5446 1.54827 
0.580259 -0.311717 1.5446 1.37131 
0.580553 -0.331826 1.5446 1.35406 
0.570323 -0.324111 1.52542 1.47586 
0.582492 -0.308329 1.51746 1.56062 
0.584409 -0.343488 1.53611 1.49002 
0.595979 -0.319731 1.52506 1.46088 
0.624274 -0.301037 1.53637 1.45032 
0.664855 -0.243414 1.52299 1.44714 
0.667203 -0.2339 1.50172 1.47673 
0.687296 -0.217234 1.50192 1.39267 
0.684455 -0.221392 1.50065 1.48984 
0.66782 -0.214738 1.51362 1.216 
0.66831 -0.201065 1.49272 1.18337 
0.667612 -0.204166 1.48443 1.28695 
0.633386 -0.16559 1.41751 1.27171 
0.612969 -0.160281 1.40335 1.19105 
0.583084 -0.155976 1.38469 1.17114 
0.587539 -0.135431 1.46872 0.936485 
0.614284 -0.153357 1.48611 0.950086 
0.620615 -0.159758 1.48434 1.07656 
0.610663 -0.154182 1.49325 0.903727 
0.582339 -0.159645 1.43042 0.872376 
0.559071 -0.137842 1.37452 0.858854 
0.524951 -0.13711 1.37017 1.08524 
0.562354 -0.0699061 1.32806 0.935281 
0.579205 -0.0545881 1.33717 0.868674 
0.529824 -0.161851 1.34411 1.03495 
0.49779 -0.203051 1.29699 1.01301 
0.453468 -0.182423 1.23292 0.950875 
0.315192 -0.109457 0.937483 0.715532 
0.259034 0.0683322 1.05465 0.233261 
0.26498 0.148848 0.930687 0.0830934 
0.32718 0.128244 0.883407 0.0195438 
0.50146 0.0807281 0.946272 0.0497523 
0.502867 0.107705 0.572411 0.00514437 
0.538526 0.119131 0.530712 0.0232131 
0.556276 0.113191 0.63327 0.0398088 
0.533541 0.0856873 0.486088 0.053457 
0.55004 0.0470481 0.474093 0.0542795 
0.559324 0.0156323 0.479802 0.0421101 
0.618931 -0.0163903 0.464434 0.0347487 
0.680822 0.0108565 0.514494 0.099942 
0.645219 -0.135401 0.461832 0.062575 
0.648892 -0.14891 0.664486 0.0898979 
0.655457 -0.121925 0.448467 0.0731592 
0.661746 -0.0958595 0.627769 0.141926 
0.652942 -0.0736435 0.650402 0.154156 
0.658959 -0.0734173 0.441939 0.100386 
0.858845 0.214203 0.431383 0.0769911 
0.847562 0.20597 0.434552 0.081046 
0.838511 0.207236 0.674798 0.139433 
0.803513 0.278588 0.729984 0.150358 
0.812464 0.222406 0.542153 0.119113 
0.766958 0.149766 0.592716 0.119333 
0.751275 0.112978 0.614138 0.109123 
0.747068 0.0872966 0.682608 0.106425 
0.720553 0.082222 0.702873 0.0734034 
0.617282 0.103831 0.647682 0.113746 
0.607312 0.113247 0.692291 0.114466 
0.563065 0.14681 0.770769 0.0668803 
0.439561 0.200678 0.822863 0.10313 
0.357958 0.210027 0.890714 0.164201 
0.294655 0.21819 0.896687 0.212441 
0.252773 0.190806 0.905581 0.154026 
0.204357 0.1544 0.924392 0.122555 
0.20085 0.0907612 1.05316 0.0649087 
0.299376 0.0677387 1.10285 0.219889 
0.350506 0.047404 1.28482 0.383996 
0.448093 0.0118267 1.4498 0.529517 
0.560741 -0.00393975 1.5446 0.667481 
0.634719 -0.00845098 1.5446 0.587319 
0.656861 -0.0106527 1.5446 0.584282 
0.683845 -0.0326055 1.5446 0.447847 
0.66801 -0.0324294 1.5446 0.444157 
0.674421 -0.0384475 1.5446 0.44916 
0.670119 -0.0451818 1.5446 0.468141 
0.678501 -0.0417053 1.5446 0.489678 
0.683672 -0.0391156 1.5446 0.521732 
0.684373 -0.0385669 1.5446 0.55451 
0.687834 -0.0434727 1.5446 0.58711 
0.687566 -0.0442266 1.5446 0.698286 
0.678209 -0.039072 1.5446 0.567833 
0.678384 -0.0345161 1.5446 0.563977 
0.678147 -0.0408014 1.5446 0.732728 
0.680303 -0.0405234 1.5446 0.687187 
0.668884 -0.0295167 1.5446 0.660003 
0.651136 -0.0213383 1.5446 0.646496 
0.646801 -0.0175933 1.5446 0.624861 
0.660324 -0.00728855 1.5446 0.63601 
0.662596 -0.0129739 1.5446 0.655363 
0.736809 -0.0403706 1.5446 0.604816 
0.738619 -0.0497277 1.51817 0.720058 
0.675572 -0.0612225 1.34679 0.647723 
0.717154 -0.0674662 1.5446 0.640049 
0.687939 -0.0472004 1.5446 0.63861 
0.564449 0.000378862 1.5026 0.532526 
0.528302 -0.00908815 1.37179 0.518586 
0.52785 0.0297659 1.2497 0.430708 
0.484499 0.0249784 1.1678 0.383548 
0.45705 0.0481917 1.00764 0.302814 
0.621755 0.0343293 1.03433 0.310711 
0.677141 -0.00276293 0.791827 0.492667 
0.75201 -0.0533933 0.900037 0.331189 
0.798657 -0.0430147 0.849161 0.302952 
0.790249 -0.0324861 0.801376 0.401097 
0.768365 -0.0223565 0.74112 0.355726 
0.742179 -0.00840064 0.6624 0.185513 
0.757645 0.00719572 0.669851 0.172391 
0.800232 0.0329692 0.721334 0.217038 
0.875953 0.0478969 0.659065 0.115339 
0.959164 -0.00353186 0.598037 0.0981201 
0.996167 -0.024492 0.730017 0.156199 
1.04713 -0.0477919 0.756814 0.168507 
1.08221 -0.0610415 0.667876 0.13647 
1.10075 -0.0698145 0.663509 0.115416 
1.10191 -0.0752344 0.642153 0.109983 
1.08405 -0.0489975 0.729898 0.111099 
1.09838 -0.0654845 0.736942 0.119428 
1.06677 -0.0561015 0.725497 0.118155 
1.04914 -0.046386 0.750271 0.113636 
1.05108 -0.0366838 0.782267 0.10827 
1.04631 -0.0222718 0.836386 0.109148 
1.0595 -0.0101544 0.851654 0.0966272 
1.045 -0.0826895 0.813697 0.134447 
1.04944 -0.130973 0.828573 0.154319 
1.04782 -0.13552 0.903698 0.168919 
1.00884 -0.13546 0.966943 0.198308 
0.939853 -0.111578 0.999161 0.344824 
0.81234 -0.0582773 0.937672 0.35839 
0.822918 -0.0474291 1.06803 0.565616 
0.739527 -0.106046 1.19659 0.768654 
0.761962 -0.0817702 1.26486 0.912337 
0.75957 -0.0830174 1.3827 0.89692 
0.81108 -0.0944402 1.46071 1.25562 
0.841442 -0.127741 1.5446 1.13444 
0.836088 -0.0917162 1.5446 1.3792 
0.832852 -0.0645315 1.5446 1.24697 
0.821008 -0.0760652 1.5446 1.07959 
0.818877 -0.0660751 1.5446 1.20141 
0.805615 -0.084728 1.5446 1.50265 
0.818422 -0.123017 1.5446 1.6426 
0.810028 -0.168318 1.5446 2.0857 
0.813441 -0.168546 1.5446 1.84421 
0.830695 -0.157037 1.5446 2.0857 
0.941011 -0.136098 1.5446 2.0857 
0.923943 -0.161024 1.5446 2.0857 
0.914756 -0.146195 1.5446 2.0857 
0.930241 -0.135268 1.5446 2.0857 
0.986884 -0.127118 1.5446 2.0857 
0.998705 -0.127231 1.5446 2.0857 
0.739093 -0.107844 1.5446 2.0857 
0.475201 -0.142337 1.51398 1.72955 
0.423553 -0.344659 1.50132 1.6802 
0.394971 -0.270909 1.46905 1.65708 
0.552492 -0.222377 1.5446 1.74086 
0.610683 -0.142624 1.5446 1.44656 
0.668229 -0.123894 1.5446 1.50356 
0.8658 -0.0989659 1.5446 1.25046 
0.886953 -0.0975622 1.5446 1.33049 
0.861589 -0.0491459 1.5446 1.13729 
0.852844 -0.070228 1.5446 1.05246 
0.853661 -0.0760543 1.5446 1.01491 
0.840211 -0.0796467 1.5446 1.00862 
0.821069 -0.0820946 1.46442 0.747128 
0.840994 -0.214211 1.5446 1.23448 
0.803367 -0.210225 1.54677 1.15971 
0.736931 -0.196987 1.4278 1.00863 
0.708109 -0.181204 1.52164 0.769201 
0.689959 -0.20852 1.33843 0.888737 
0.677702 -0.206044 1.43213 0.68677 
0.662072 -0.179011 1.34799 0.600157 
0.569671 0.208607 0.744664 0.0591249 
0.534847 0.131816 0.763557 0.0961925 
0.655376 0.0909418 1.02383 0.151509 
0.708697 0.0764838 1.02023 0.185377 
0.712377 0.0860705 0.844128 0.210047 
0.74219 0.0679 0.840826 0.207916 
0.732358 0.0308894 0.799269 0.190774 
0.743721 0.0387892 0.733489 0.182848 
0.735657 0.0600391 0.751179 0.192077 
0.721907 0.0654759 0.719019 0.191713 
0.690252 0.0768913 0.651361 0.181517 
0.716541 0.0204486 0.6136 0.189521 
0.681892 0.0489901 0.533794 0.0999545 
0.638919 0.0634977 0.530215 0.0984002 
0.618741 0.0835022 0.475675 0.11063 
0.57399 0.113745 0.483878 0.136766 
0.564897 0.137179 0.485451 0.119581 
0.622893 0.109452 0.676989 0.252819 
0.681085 0.0813527 0.575071 0.158139 
0.69861 0.0532391 0.634368 0.173611 
0.718358 0.0338622 0.705189 0.188617 
0.732975 0.0215909 0.688783 0.154847 
0.708776 0.071655 0.735021 0.161487 
0.699449 0.0360694 0.952264 0.387803 
0.699298 0.031139 1.19427 0.505831 
0.868323 -0.0565881 1.43086 0.756988 
0.932125 -0.104945 1.5446 0.893137 
0.936435 -0.113934 1.5446 1.01067 
0.824336 -0.00785344 1.47932 0.788444 
0.768358 0.0432434 1.45268 0.730434 
0.738136 0.0564463 1.44287 0.829937 
0.714307 0.0449699 1.45683 0.838628 
0.70939 0.0340385 1.48483 0.807557 
0.708625 0.0406108 1.5103 0.855718 
0.704312 0.0329686 1.5446 0.807342 
0.70295 0.0386562 1.5446 0.863455 
0.72919 0.0451527 1.5446 0.773491 
0.79381 0.0374062 1.5446 0.451169 
0.80595 0.0199822 1.5446 0.442542 
0.84138 -0.0168396 1.5446 0.871985 
0.837075 -0.00597969 1.5446 0.893568 
0.833129 0.0101869 1.5446 0.940441 
0.798199 0.0289827 1.5446 0.869575 
0.808538 0.0259706 1.5446 0.487598 
0.766967 0.0446565 1.5446 0.46836 
0.736236 0.0496483 1.5446 0.46236 
0.7386 0.038981 1.5446 0.466852 
0.724011 0.03281 1.5446 0.486678 
0.733603 0.0204932 1.5446 0.510304 
0.760889 0.01464 1.5446 0.520743 
0.809479 -0.00415909 1.5446 0.559241 
0.8319 -0.0202197 1.5446 0.886769 
0.859178 -0.0326966 1.5446 0.864207 
0.898021 -0.047641 1.5446 0.634468 
0.922452 -0.0640143 1.5446 0.620549 
0.936979 -0.0684005 1.5446 0.625777 
0.984836 -0.0413877 1.5446 0.68287 
0.966196 -0.0526317 1.5446 0.716416 
0.940549 -0.0416462 1.5446 0.769174 
0.885662 -0.102357 1.5446 0.959081 
0.870106 -0.151806 1.45403 0.995017 
0.842259 -0.129722 1.29535 0.785157 
0.934926 -0.190147 1.4172 0.814911 
0.897519 -0.203998 1.40606 0.765777 
0.940264 -0.229067 1.46827 0.817375 
0.909707 -0.201938 1.39384 0.778822 
0.890742 -0.204283 1.28972 0.711199 
0.851267 -0.178982 1.05626 0.728592 
0.837324 -0.208545 1.06039 0.67909 
0.834143 -0.188424 0.960343 0.634163 
0.834271 -0.169864 0.874363 0.543527 
0.813 -0.097367 0.778916 0.397076 
0.813236 -0.0702349 0.708454 0.345856 
0.819042 -0.0631989 0.64925 0.299335 
0.822996 -0.0458373 0.62128 0.249995 
0.830553 -0.0522194 0.62201 0.236928 
0.81645 -0.0463023 0.561481 0.191721 
0.811337 -0.0302688 0.544356 0.177896 
0.809506 -0.0240082 0.535311 0.165551 
0.771577 0.0236523 0.519054 0.152921 
0.727211 0.00278259 0.466689 0.143019 
0.729009 0.013612 0.445512 0.141168 
0.794764 0.0672748 0.414526 0.0883402 
0.793663 0.051955 0.406984 0.0970563 
0.81214 0.0487006 0.404834 0.0960174 
0.849846 0.0403336 0.590299 0.199868 
0.89008 0.0359099 0.469697 0.118053 
0.89181 0.0338814 0.616107 0.200068 
0.881715 0.0388232 0.603484 0.168338 
0.869872 0.0461081 0.476288 0.0885386 
0.88026 0.0500062 0.486836 0.0853243 
0.887257 0.049443 0.526029 0.0818635 
0.921521 0.0303845 0.518732 0.0921393 
0.907511 0.0393954 0.538592 0.0762983 
0.860753 0.0735457 0.417237 0.0179043 
0.855548 0.0783165 0.404038 0.0117696 
0.874179 0.0654927 0.434296 0.0085971 
0.86874 0.0662736 0.435062 0.00711788 
0.864402 0.0674089 0.429429 0.00727524 
0.870202 0.0603929 0.439349 0.00154408 
0.867839 0.069611 0.418381 0.00334749 
0.863708 0.0736757 0.479459 0.000345267 
0.861299 0.0762345 0.424007 0.00109183 
0.862399 0.0819997 0.41321 0.00519051 
0.860051 0.0820634 0.425612 0.0072094 
0.858787 0.0765996 0.450508 0.0153713 
0.859284 0.073621 0.453787 0.0200437 
0.857206 0.0738165 0.503256 0.0269006 
0.854088 0.0744829 0.475624 0.0254921 
0.854949 0.0724461 0.508574 0.0274099 
0.85338 0.0766688 0.540817 0.020002 
0.84553 0.0846722 0.567549 0.0153597 
0.84432 0.0854402 0.625016 0.0107089 
0.862751 0.0816929 0.693494 0.0332943 
0.880097 0.0636392 0.771466 0.0533453 
0.850823 0.054488 0.755712 0.161829 
0.841405 0.00691358 0.768276 0.227059 
0.770777 -0.0154488 0.720296 0.251794 
0.707989 -0.0457741 0.734232 0.309792 
0.688735 -0.0626451 0.831281 0.392296 
0.724759 -0.0914867 0.899206 0.271014 
0.760187 -0.0574457 1.09479 0.64223 
0.881123 -0.0986479 1.36628 1.01543 
0.908179 -0.135543 1.52339 1.15322 
0.899037 -0.160456 1.5446 1.15505 
0.888396 -0.15321 1.5446 1.21398 
0.880353 -0.128999 1.5446 1.35352 
0.881285 -0.0742215 1.5446 1.27528 
0.892976 -0.06414 1.5446 1.1778 
0.859169 -0.0630466 1.5446 1.18533 
0.877183 -0.0550907 1.5446 0.500931 
0.890172 -0.0576845 1.5446 0.55652 
0.838996 -0.0467065 1.5446 0.568803 
0.719069 0.0175751 1.5446 1.17148 
0.734481 0.0152208 1.5446 1.25787 
0.756758 0.00122146 1.5446 1.17206 
0.769639 0.00498938 1.5446 1.16932 
0.776026 -0.0176852 1.5446 1.29417 
0.766054 -0.0203495 1.5446 1.2483 
0.872173 -0.078916 1.5446 1.38983 
0.823644 -0.0557979 1.5446 1.41801 
0.814841 -0.0925785 1.5446 1.42168 
0.836172 -0.0975928 1.5446 1.28263 
0.891575 -0.113178 1.5446 1.32317 
0.880651 -0.117629 1.5446 1.44045 
0.866539 -0.103318 1.5446 1.36621 
0.853 -0.0982484 1.5446 1.48878 
0.724013 -0.00562955 1.5446 1.26976 
0.695534 -0.009605 1.5446 1.47947 
0.732199 -0.0217404 1.5446 1.29437 
0.713696 -0.0220378 1.5446 1.41774 
0.710747 -0.0415467 1.5446 1.52754 
0.712822 -0.0496373 1.5446 1.70626 
0.704177 -0.0444323 1.5446 1.89031 
0.783153 -0.0834983 1.5446 2.0857 
0.827227 -0.112738 1.5446 1.56932 
0.844076 -0.101225 1.5446 2.0857 
0.938282 -0.206637 1.5446 2.0857 
0.889148 -0.238698 1.54674 2.0857 
0.864278 -0.264811 1.47815 2.0857 
0.872339 -0.263989 1.45175 2.0857 
0.920201 -0.254614 1.45397 2.0857 
0.911065 -0.25416 1.39305 2.0857 
0.913016 -0.221773 1.41365 2.0857 
0.892598 -0.203481 1.32989 2.0857 
0.89981 -0.173049 1.33551 2.0857 
0.858313 -0.127951 1.35175 2.0857 
0.828491 -0.115938 1.35369 2.0857 
0.834627 -0.144581 1.34807 2.0857 
0.810386 -0.208355 1.35506 2.0857 
0.794371 -0.2462 1.38292 2.03489 
0.713061 -0.286369 1.31847 1.88889 
0.727098 -0.30258 1.38161 1.8902 
0.766949 -0.259833 1.48186 1.9135 
0.787772 -0.22281 1.52399 1.90542 
0.795821 -0.20989 1.5446 1.57232 
0.80168 -0.177846 1.5446 1.48593 
0.753138 -0.128293 1.5446 1.63831 
0.695794 -0.0815682 1.5446 1.43056 
0.676454 -0.0771512 1.5446 1.21145 
0.731909 -0.0964902 1.5446 1.16056 
0.731987 -0.0868398 1.5446 1.05208 
0.725134 -0.0992585 1.5446 1.0258 
0.713445 -0.0932458 1.5446 0.886165 
0.71217 -0.0924337 1.5446 0.868226 
0.6228 0.00614584 1.52246 0.557169 
0.587149 0.0221765 1.50176 0.4755 
0.522415 -0.0181583 1.47575 0.500407 
0.385419 0.0670577 1.28555 0.200946 
0.325633 0.112568 1.2415 0.0353694 
0.271048 0.130157 1.18449 0.0391625 
0.253161 0.152389 1.18846 0.120299 
0.224807 0.21337 1.17238 0.281384 
0.215783 0.221438 1.17211 0.353758 
0.206642 0.214527 1.17202 0.404863 
0.231554 0.171232 1.22617 0.378543 
0.229219 0.179998 1.22819 0.44003 
0.226897 0.205472 1.20004 0.467118 
0.249693 0.209761 1.20408 0.477795 
0.278792 0.190517 1.23634 0.44875 
0.297376 0.199854 1.2267 0.488842 
0.305241 0.237466 1.21207 0.549123 
0.316034 0.248751 1.20557 0.599394 
0.317816 0.221233 1.2044 0.573463 
0.330524 0.240247 1.21614 0.581629 
0.322838 0.243808 1.20801 0.618188 
0.31402 0.246584 1.17616 0.652759 
0.3068 0.252508 1.18766 0.68631 
0.292673 0.265925 1.2142 0.625952 
0.316395 0.218842 1.19805 0.492623 
0.322816 0.203141 1.1591 0.457509 
0.348996 0.198586 1.17429 0.328252 
0.350818 0.164352 1.17072 0.284116 
0.331372 0.178763 1.15575 0.326578 
0.323032 0.160211 1.12646 0.270351 
0.286206 0.0411318 1.12153 0.168414 
0.339844 0.0240585 1.17265 0.359279 
0.421253 -0.00330001 1.24471 0.491995 
0.538368 0.0066102 1.28598 0.591053 
0.592701 0.0152399 1.29208 0.699897 
0.633311 0.00870538 1.33804 0.810189 
0.747997 -0.0358516 1.43485 1.01824 
0.776716 -0.0928198 1.47086 1.13214 
0.79483 -0.116042 1.45066 1.31874 
0.81626 -0.10293 1.48065 1.47773 
0.834976 -0.0913687 1.49534 1.66175 
0.76071 -0.114098 1.48654 1.63912 
0.795364 -0.109227 1.4639 1.15069 
0.705639 -0.0638166 1.34761 1.22915 
0.69642 -0.0914281 1.19941 1.76695 
0.738983 -0.166419 1.22062 1.67377 
0.772886 -0.187275 1.22982 1.64653 
0.775682 -0.190916 1.13884 1.65057 
0.771209 -0.191627 1.0782 1.60004 
0.769749 -0.204809 1.04564 1.52135 
0.769618 -0.2127 1.04032 1.46154 
0.772387 -0.22462 1.0607 1.3966 
0.777931 -0.237536 1.04643 1.35276 
0.83919 -0.182537 1.09772 1.5398 
0.835445 -0.239313 1.11782 1.50748 
0.819299 -0.262135 1.06402 1.47635 
0.848863 -0.24631 1.04461 1.46627 
0.854145 -0.245836 1.00946 1.37259 
0.864406 -0.193523 0.98529 1.33915 
0.880104 -0.171981 0.933846 1.30995 
0.885546 -0.154587 0.857444 1.27077 
0.881156 -0.0956406 0.775082 1.13301 
0.90081 -0.0874415 0.690288 1.21595 
0.886472 -0.0916792 0.598655 0.94243 
0.891145 -0.0901063 0.568598 0.871949 
0.897497 -0.0851647 0.519935 0.768558 
0.890288 -0.0736184 0.470793 0.637479 
0.915098 -0.0641273 0.442135 0.603792 
0.926869 -0.0584615 0.42375 0.578369 
0.968236 -0.048279 0.419211 0.622004 
0.984866 -0.038391 0.43369 0.617362 
0.98961 -0.0427663 0.433682 0.682355 
1.00029 -0.0369643 0.447481 0.723157 
1.01597 -0.03399 0.471366 0.677378 
1.01797 -0.0236031 0.487065 0.714511 
1.01712 -0.00301486 0.500772 0.698406 
1.01191 0.00376798 0.520524 0.798392 
1.00998 -0.00220671 0.523749 0.819947 
0.999448 -0.00949106 0.550867 0.83877 
0.98784 -0.0144114 0.572014 0.83868 
0.976609 -0.0132514 0.593154 0.93339 
0.978077 -0.015548 0.624818 0.947545 
0.985607 -0.0224333 0.684962 0.978627 
0.970353 -0.0142414 0.695287 0.994976 
0.959558 0.00215656 0.75133 1.0809 
0.930705 0.00755161 0.748038 1.20007 
0.906332 0.00824337 0.759588 1.13201 
0.857247 0.0102866 0.768873 1.08432 
0.83893 -0.02627 0.796555 1.05401 
0.813163 -0.041444 0.83661 0.994457 
0.833865 -0.0464591 0.917305 1.1135 
0.851773 -0.0727023 1.01115 1.20297 
0.929659 -0.133218 1.15376 1.31283 
0.939291 -0.167337 1.24652 1.29946 
0.886852 -0.173055 1.24648 1.34438 
0.857039 -0.183419 1.30259 1.3579 
0.843889 -0.193343 1.37094 1.43096 
0.847162 -0.195223 1.43948 1.48485 
0.830515 -0.192985 1.47666 1.46627 
0.709248 -0.11731 1.393 1.44868 
0.580569 -0.0397232 1.27551 1.41031 
