-1.64738 1.54258 6.5 
1.55889 -0.120605 -3 
-1.1965 0.283951 3 
1.611 -2.36739 -3 
-0.909615 2.23657 -3.5 
0.0161476 -0.684776 3.5 
-1.11337 0.963615 0 
1.5439 -1.53584 0 
-0.0272789 0.00148773 0 
-0.240734 0.0978546 -3.5 
0.131817 -0.36142 3.5 
0.994137 -1.41351 -3.5 
-0.641685 1.7583 0 
-0.285011 -0.868561 0 
0.669807 -0.0107346 3.5 
0.191883 0.632103 -3.5 
0.679623 -0.53463 3.5 
-1.25465 0.724525 3 
1.78577 -0.512405 -6.5 
0.179253 -0.330299 3.5 
0.533009 -0.239922 0 
1.14318 0.32225 0 
-1.22614 0.406853 0 
1.77638 -1.35534 0 
0.627975 -0.491943 0 
-1.31305 0.386948 0 
1.39011 -3.57964 0 
1.40503 -4.59409 0 
-2.36532 -0.733894 0 
1.0725 -5.73192 0 
-0.365227 -6.28877 3 
-2.08769 -8.77787 7 
-0.5154 -7.42565 -3.5 
-1.27893 -7.60638 3.5 
-2.40265 -9.34772 3.5 
0.776253 -6.39464 -3.5 
-3.18227 -8.40231 3.5 
-0.640945 -7.23059 0 
-1.37003 -6.52078 3.5 
-0.504295 -5.3564 0 
0.680916 -3.97672 0 
-1.76285 -4.79367 3.5 
-1.41218 -2.27669 3.5 
-1.06203 0.120926 0 
-1.37561 0.280884 0 
-0.425377 3.94447 -3.5 
0.167206 5.28658 0 
0.47327 8.1181 -3.5 
0.380936 8.03853 3.5 
0.350105 9.82155 -3.5 
-0.808193 11.1964 -3.5 
2.55338 11.6666 -3.5 
-2.56229 12.2056 0 
1.05339 11.8614 -3.5 
-2.69648 12.4184 3.5 
-1.8085 11.4654 0 
-2.44028 10.3883 0 
-1.56612 9.8526 3.5 
-1.94239 8.64459 0 
0.0191956 4.53472 0 
-0.480961 6.04064 3.5 
1.71843 6.77241 0 
-3.96437 5.42792 0 
0.433586 4.54564 0 
0.201439 4.50285 3.5 
1.73352 3.98464 0 
-1.00387 3.80217 -7 
-3.52696 3.36213 7 
1.44188 1.93654 -3.5 
-4.56056 1.73332 -3.5 
-1.15324 0.256582 3.5 
-2.13848 -0.994472 0 
-1.48956 -2.05832 0 
-0.57057 -3.05961 -7 
-0.735989 -3.98016 3.5 
0.577608 -5.10124 -3.5 
-0.565016 -5.45965 3.5 
0.515747 -6.26795 0 
1.81475 -5.40306 3.5 
1.4358 -5.9862 7 
2.62383 -5.17362 11 
1.03678 -4.96886 3.5 
3.21139 -4.2973 11 
3.27738 -4.355 4 
7.14198 -6.08681 4 
7.11875 -3.08343 7.5 
-0.0510178 -2.06143 12 
6.19844 -0.699413 8.5 
1.83078 -0.19838 4 
1.30404 -0.881836 12.5 
0.526222 1.69397 9 
1.35378 -1.23169 9 
-0.00592804 1.39651 9 
1.21049 0.624569 9 
1.06271 0.130913 4.5 
-1.3057 -10.3695 10 
1.74382 11.6167 0 
-0.404289 0.0795364 9.5 
-0.770721 0.350021 0 
1.02517 0.243221 0 
0.490311 -0.69072 0 
0.506676 -0.139088 0 
-0.95417 -0.119003 0 
-1.27872 -0.372292 -5 
-1.53176 0.856995 -9.5 
-1.55424 -1.08551 -5 
-1.90983 -1.3409 -9 
-2.08677 -2.78354 -4.5 
-3.01869 -2.99493 -9 
-9.7221 -1.94351 0 
-4.7777 -4.61411 -13.5 
-5.09081 -3.22787 -8.5 
-3.40171 -3.02906 -21 
-6.35739 -4.54113 -4 
-3.24019 -5.00233 -15.5 
-4.69038 -6.01703 -8 
-2.78535 -3.58633 -11 
-4.68727 -3.54737 -7.5 
-2.92005 -1.86034 -14 
-6.02421 -3.56419 0 
-5.15488 -3.3292 -7 
-6.14549 -2.81699 -3.5 
-7.12391 -2.64001 -6.5 
-4.83029 -4.20383 -3.5 
-7.12035 -5.71623 0 
-4.21581 -7.07794 -3 
-6.13941 -3.65787 -3.5 
-8.02762 -1.58386 -3.5 
-2.91465 -6.13141 3.5 
-4.10407 -2.95186 -3.5 
-2.94125 -2.93593 0 
-2.62795 -2.48843 0 
-1.4546 -0.951569 0 
-0.705688 -0.734985 0 
-0.431698 0.261597 0 
-0.117245 1.13896 -3 
0.26347 1.50435 3 
1.88057 3.12061 0 
2.52137 4.13091 0 
3.93746 3.31923 3.5 
4.71671 6.66586 -3.5 
6.38881 6.87712 3.5 
5.55938 9.34924 0 
6.76245 9.08657 -3.5 
8.62388 9.1252 7 
6.54561 7.27144 3 
4.85446 7.46086 3.5 
6.25463 8.13851 10 
5.55458 9.32528 7 
5.96353 6.83869 10.5 
2.78384 4.71952 11 
2.10738 4.93293 7.5 
5.14311 1.41837 7.5 
2.94222 2.74931 11.5 
2.5865 0.465408 4 
2.21479 1.25125 12 
1.31934 -0.0339203 8.5 
2.90677 0.732002 4 
-0.0261269 -0.113708 8.5 
1.86947 0.11335 4.5 
0.696232 -0.415871 4.5 
-0.206783 -1.10284 4.5 
-0.220356 -0.825352 4.5 
-0.632309 -1.00225 0 
-0.515526 -1.09397 0 
-0.762779 -0.017849 0 
-0.719994 0.689983 -4.5 
-2.01749 1.20619 0 
-1.21352 2.25821 0 
-2.01364 2.12566 0 
-2.72192 3.28275 0 
-3.4194 3.84586 4.5 
-9.0188 3.72885 0 
-2.41093 4.7038 -4.5 
-10.5058 3.99536 -9 
-9.60528 2.15844 4.5 
-10.5861 1.02086 -9 
-9.99316 -0.0413532 -4 
-9.77926 -0.140942 0 
-7.94386 -0.0727062 0 
-7.71233 -0.495617 -4.5 
-6.92506 -1.5138 0 
-5.20457 -1.07939 -4 
-6.11616 -1.50521 0 
-4.06732 -2.05012 0 
-3.95786 -1.96439 0 
-3.79566 -0.801399 4 
-1.7485 -0.110962 0 
-0.0555801 0.15696 0 
1.4371 1.33282 0 
3.62022 1.24528 0 
5.37553 2.3785 -4 
6.8866 0.657421 -4 
7.0257 1.55825 0 
9.95337 0.232883 -4.5 
8.97472 -0.796877 -4 
9.02869 -0.967852 -4 
10.9279 -3.53688 0 
10.7006 -3.22354 0 
10.0674 -4.40273 -4 
9.78732 -5.49205 4 
8.25206 -6.59322 0 
7.21136 -5.1415 0 
8.08055 -7.40295 0 
7.37215 -7.94053 0 
5.5682 -5.08435 0 
5.60304 -7.14869 0 
6.22197 -5.65278 4 
2.97143 -4.92378 4 
1.50964 -3.69698 0 
0.196831 1.12452 4.5 
-1.22923 2.45983 0 
-0.940228 1.52827 0 
-1.5909 2.02914 8 
-1.71341 1.64149 0 
-4.15323 4.60406 0 
-3.34914 2.35186 0 
-5.75679 6.00028 0 
-4.94639 3.26826 0 
-8.20515 5.61288 0 
-8.6598 4.53151 -4 
-8.96807 4.78967 0 
-11.3067 3.58118 -8.5 
-12.9306 1.2411 0 
-11.4682 2.26366 -4 
-12.0298 -0.861809 -8 
-9.57035 -1.4533 0 
-9.98175 -2.79519 -8 
-5.46835 -5.52616 -7.5 
-8.44245 -2.34929 -4 
-6.90006 -3.80506 -3.5 
-6.3185 -5.75557 -7.5 
-7.59209 -4.08468 0 
-4.91354 -7.1425 -3.5 
-4.45997 -6.95399 -4 
-2.94847 -6.44691 -3.5 
-3.55249 -4.47867 -3.5 
-1.30178 -3.93385 0 
0.0521164 -0.903656 0 
1.00163 0.129753 -3.5 
2.27255 2.48446 0 
6.49906 2.31388 -3.5 
5.63379 4.17443 -7 
6.07626 2.91764 -3.5 
8.49856 3.15473 -10 
8.02031 1.44698 -3 
6.62666 1.17036 -10 
9.74301 -2.39792 -9.5 
5.9403 -4.28622 -6 
5.08484 -5.89332 -6 
5.44767 -6.69588 -6 
4.23869 -6.23215 -6 
4.01894 -6.66203 -3 
3.75042 -8.56104 0 
1.90882 -5.93829 0 
1.84227 -6.25797 0 
1.90092 -6.57678 0 
1.82479 -5.808 0 
1.78293 -6.12543 0 
1.35874 -5.59166 6 
1.21116 -3.73907 3 
1.5337 -0.0304718 0 
1.76963 1.97765 0 
0.396037 4.13922 0 
0.919277 6.3112 0 
-0.363088 9.41795 3 
-1.08758 10.8961 3 
1.91564 9.18991 3 
0.160243 11.0103 0 
-4.35495 13.3915 3 
-0.990759 10.863 6 
-2.934 11.6118 3 
-1.4541 11.1221 3.5 
-2.63425 10.7312 3 
-1.80687 10.8965 3 
-2.33622 10.9421 7 
-2.28415 9.52554 3 
-2.58587 8.86816 6.5 
-2.3941 7.23954 7 
-2.25353 4.22966 10.5 
-1.87841 5.3387 7 
-1.31973 4.8444 7.5 
-1.17146 4.43098 7 
-1.2864 3.18913 7.5 
-2.33041 3.42121 11.5 
-0.823944 1.71275 4 
-1.40073 1.71122 12 
-1.27646 1.42126 8.5 
-0.789528 0.533489 4 
-1.6004 0.476622 8.5 
-1.2991 0.537907 4 
0.174175 1.27027 4.5 
0.0595436 0.650553 4.5 
-0.0555038 0.259811 4.5 
0.525097 0.605688 4.5 
-0.424335 -0.142355 0 
-0.320503 -0.37812 0 
-0.791546 -0.420673 0 
0.146904 -0.99593 0 
0.0450401 -0.954239 0 
-0.219604 -1.00939 -4.5 
0.135201 -1.11722 0 
1.71449 -1.90002 -9 
1.51475 -2.69983 -4.5 
0.556946 -1.82086 -4 
1.17739 -2.98532 -8.5 
1.07516 -3.31721 -4 
-0.0566101 -3.59568 -4.5 
1.12782 -4.18135 -8 
0.487919 -4.25005 -4 
0.992325 -4.1816 -8 
1.62874 -5.48445 -7.5 
1.37994 -5.33679 -7.5 
2.26914 -4.66064 -11 
1.48046 -9.5444 -7.5 
0.0271759 -10.6181 -7 
1.88287 -9.66801 -10.5 
1.93058 -7.7796 -3.5 
1.07524 -10.2494 -10 
1.19221 -12.1867 -3 
1.00985 -11.1267 -7 
0.407711 -12.4516 -3 
2.0244 -13.1117 -3 
-0.93317 -9.29526 0 
-1.05914 -8.39333 0 
-0.133165 -9.34221 0 
0.156679 -7.24115 -3.5 
-1.29752 -6.11784 0 
-0.291563 -6.24835 3.5 
-0.749142 -3.70581 0 
1.9938 -3.91617 -3.5 
-0.0433788 -4.4481 3.5 
0.628723 -1.992 0 
0.317167 -1.33646 0 
-0.15111 0.825592 -3.5 
0.723475 0.295959 0 
1.08971 0.862259 0 
0.596962 1.11531 0 
0.426212 2.67409 -3 
1.56056 3.32172 -3 
0.150404 4.54485 0 
0.646118 5.65796 -3 
0.246637 6.93375 -3 
-0.442333 7.84521 -3 
-1.64832 9.46416 3 
0.80414 9.90298 -6 
-0.340624 10.1922 -3 
-2.39148 11.7955 0 
0.570555 9.78434 0 
-2.27992 12.4091 0 
-1.55929 9.94465 0 
-0.523903 9.05949 3 
-0.575836 9.5155 -3 
-0.181664 9.31257 3 
-0.00830078 9.19122 0 
-0.576038 7.90163 0 
1.1846 5.99788 0 
-0.188904 5.65354 3 
1.22261 4.3769 0 
-0.0127659 7.14532 6 
-0.413828 4.13743 0 
-0.622959 3.65326 0 
1.02151 4.00521 0 
0.105272 3.32442 0 
0.256901 3.22708 0 
-0.49456 1.94549 3 
-0.593704 2.00019 0 
-0.314972 0.905725 0 
-0.781906 1.02535 0 
-0.0423546 0.974892 0 
-0.596462 -0.711712 0 
0.00989914 -0.70033 0 
-0.983318 -1.08013 0 
-0.516289 0.177374 0 
0.314144 -2.22596 0 
-1.00242 -0.192283 -3 
-0.706238 -3.19209 3 
0.522091 -3.0625 0 
-0.328686 -2.84922 -3 
-0.887611 -2.92608 0 
0.0438385 -3.6322 -3 
-0.0128479 -4.95807 -3 
-0.449375 -4.55492 -3 
-0.493179 -5.43513 0 
-0.202988 -5.1777 -3 
-0.504112 -7.3892 0 
0.573643 -4.76476 -3 
0.21793 -7.84172 0 
0.896629 -3.63306 0 
-0.790874 -7.46788 -3 
2.10972 -6.39948 -3 
-0.583817 -6.44867 6 
1.14585 -7.17361 -3 
-1.66524 -5.26412 0 
1.27144 -8.05016 3 
0.19619 -7.84531 3 
0.326347 -7.76039 3 
1.3214 -8.03269 -3 
0.57338 -8.36235 3 
1.06399 -8.12285 0 
0.463821 -8.80154 6 
1.04814 -7.96193 3 
1.76803 -6.32137 0 
1.62135 -3.97385 0 
0.39118 -5.98975 3 
1.09478 -3.43555 0 
1.85952 -2.94237 0 
2.57 -3.03535 3 
2.29722 -3.09961 6.5 
2.67659 -1.47981 0 
2.69317 0.940369 -3.5 
2.40366 -0.340256 3.5 
2.99091 0.490417 0 
3.89612 0.658676 0 
2.78944 1.78502 3 
4.47207 1.44643 3 
4.52039 1.92737 3.5 
5.45222 3.5728 0 
5.1119 5.3947 -3.5 
4.89624 3.91049 3.5 
5.0144 7.38776 0 
4.70117 7.45399 0 
7.91654 5.68848 0 
2.76599 11.3095 3.5 
3.33339 6.88358 0 
4.87303 9.42502 0 
3.50537 10.9099 -3.5 
4.79451 9.4679 3.5 
2.58839 10.5463 3 
3.29414 9.8325 0 
2.91273 9.62922 0 
1.07577 8.84951 3.5 
0.659058 9.06427 0 
1.47089 8.19246 0 
1.71782 6.5228 3 
1.52246 5.73697 3.5 
2.27822 4.978 0 
1.88761 3.80095 3.5 
1.87663 3.0406 3.5 
2.57497 2.89868 0 
1.14307 2.06497 0 
1.85408 1.64965 3.5 
2.26838 0.353109 3.5 
1.28537 0.253398 0 
1.39207 0.739361 0 
0.67659 -0.14591 0 
-0.985115 1.48812 0 
1.69769 -0.207921 0 
0.58213 -0.230147 3.5 
0.403145 -1.60397 -7 
-0.57106 -0.295958 0 
-0.0720978 -2.82141 3.5 
-1.30322 -3.14832 -7 
0.243431 -3.53518 0 
-0.739052 -3.70544 -3.5 
-1.09258 -4.7759 0 
-0.818367 -4.48471 -3.5 
-1.69376 -5.89809 0 
-1.46368 -6.52308 -6.5 
-4.08121 -7.30274 3 
-2.13175 -7.91648 3.5 
-3.69795 -7.64231 -6.5 
-2.58248 -8.93262 3 
-3.88432 -8.96716 -3 
-4.26364 -10.0502 0 
-2.83986 -9.16167 0 
-4.91129 -9.16681 0 
-2.53031 -9.00208 0 
-0.430698 -8.94365 3 
-0.00257874 -8.77192 -3 
-4.67583 -7.52744 3 
-2.55758 -6.83255 3.5 
-2.28497 -6.01711 0 
-2.16288 -8.09335 3.5 
-2.23561 -6.80174 0 
-0.720905 -7.42473 0 
-1.97152 -7.11684 3.5 
-0.529633 -6.59996 0 
-2.05116 -7.035 3.5 
-2.36212 -6.64249 0 
-0.562881 -6.23297 7 
-1.98577 -5.89172 0 
-1.82859 -4.12201 0 
-0.677582 -3.59277 0 
-2.26051 -1.60753 3.5 
-0.277624 -0.899368 0 
-0.506016 0.105576 0 
-0.556074 2.41267 -3.5 
-0.0945702 4.40758 0 
-0.776285 3.99191 0 
0.40177 4.96397 -3.5 
-1.29388 5.27879 -3.5 
-0.962088 7.20441 -3.5 
-1.2632 8.82835 0 
-1.78188 9.59714 -3.5 
-1.3813 11.1197 -10 
-4.14667 10.3471 3 
-1.4505 8.62511 -6.5 
-3.98629 9.54401 0 
-4.15272 10.4888 -6.5 
-10.3273 11.1193 -3.5 
-3.41324 5.28599 -3 
-6.23118 7.36447 0 
-10.2964 6.75486 0 
-7.35744 5.04675 0 
-5.31877 3.77534 -6.5 
-8.29644 3.34899 3.5 
-10.8892 4.69444 0 
-8.17671 1.89151 3 
-5.11942 1.77528 0 
-8.70431 1.16888 0 
-7.86703 2.04009 3 
-8.492 0.693253 3.5 
-7.06996 1.34856 3.5 
-6.7711 -0.249908 0 
-4.86059 1.1528 0 
-5.15359 -0.21199 0 
-5.59818 1.38383 3 
-5.27034 0.304131 3.5 
-3.89508 0.550156 3 
-3.62416 -1.98106 3.5 
-2.8483 -0.961548 0 
-2.92505 -1.12318 0 
-3.6414 -1.19892 0 
-3.24815 -0.110703 0 
-3.51735 -0.141518 0 
-4.10989 -0.834564 3.5 
-2.61153 1.41027 0 
-4.94225 -3.24609 7 
-2.39265 0.250587 0 
-4.30275 0.0906219 3.5 
-2.01094 -0.171288 -3.5 
-5.1375 0.0754089 3.5 
-4.03831 0.343422 3.5 
-3.42963 0.241226 0 
-4.05617 0.337906 3.5 
-2.81593 0.63826 3.5 
-2.89317 0.169289 4 
-1.80867 0.42791 0 
-1.09438 -0.0242462 0 
-0.916595 -1.43333 3.5 
-1.13589 0.867393 0 
0.352707 -0.634743 0 
-0.675095 -0.939888 0 
0.317963 -0.827682 0 
0.91301 -0.294914 0 
2.17102 -1.79924 -3.5 
-1.03911 -0.0325623 0 
0.836945 -1.62486 0 
0.907455 0.0213394 0 
0.274826 -0.869995 -4 
-1.7267 -0.614632 4 
0.846451 -1.01464 -4 
-3.91368 0.320572 4 
-2.29285 -1.14279 0 
-2.74182 -0.58493 3.5 
-3.06267 -0.371376 0 
-2.4325 -0.357178 3.5 
-1.78818 0.406784 0 
-3.74382 1.25106 4 
-2.63516 -0.382317 3.5 
-2.72585 -0.33577 4 
-4.40393 -0.933693 7.5 
-3.38385 -0.766159 4 
-2.59949 -0.75145 4 
-2.26689 -0.893837 4 
-2.95253 -0.329857 4 
-0.487183 -0.170189 4 
-0.878357 0.26252 0 
-3.18474 0.734306 8.5 
0.459427 0.43808 0 
-1.4324 2.30209 4 
-1.27736 -0.384537 4.5 
0.0489502 3.40617 0 
-0.810516 -0.658241 4 
-1.27303 1.14249 4.5 
-1.22348 1.02912 4.5 
-0.233765 0.685081 4.5 
0.501343 1.55276 0 
-0.061615 1.25082 0 
-1.30156 1.32047 4.5 
-0.0130615 0.447731 0 
0.659164 1.1741 0 
1.85474 1.14364 -4.5 
0.00201416 0.0887909 0 
2.13979 0.285156 -4.5 
2.32149 -0.646133 -4.5 
2.72893 1.90543 -8.5 
3.45564 -0.104996 -4.5 
6.51608 1.38126 -12.5 
4.22444 1.22411 -4 
5.8802 0.846504 -8 
6.8512 1.3368 -8 
7.62906 -0.415939 -11.5 
7.57622 -1.55112 -7.5 
10.3667 1.15067 -11 
10.8942 -1.34219 -7 
9.75429 -1.88566 -7 
10.5355 0.104881 -7 
11.8985 -0.779694 -7 
12.3208 -1.18136 -3 
11.2206 0.785446 -6.5 
12.8768 0.111465 -10 
10.1828 -1.5033 6.5 
11.6955 -0.276512 -6.5 
10.7808 0.324333 -3 
10.3144 -0.517921 0 
9.22067 -0.956795 0 
9.79055 0.300323 0 
8.37369 0.693695 0 
8.16009 0.356735 0 
7.89629 2.04851 3 
8.3559 0.0258713 0 
7.83002 0.421196 3 
7.8343 0.282196 3.5 
10.0869 -0.558929 3.5 
6.72309 0.283524 0 
7.61318 -0.593132 3 
9.29053 1.35268 0 
8.0898 -0.62545 3.5 
7.55193 0.265991 0 
8.93975 -0.831184 6.5 
7.56927 -0.326927 0 
13.9273 -0.477394 0 
5.7681 1.77427 -3.5 
8.75627 -0.457672 7 
5.39944 -0.378677 3.5 
6.37202 0.583374 3.5 
4.25108 -1.14581 3.5 
6.41584 -0.36245 7 
4.81428 -0.940147 0 
7.60725 0.560562 3.5 
2.99101 -1.57126 7.5 
5.41272 -1.38594 3.5 
3.40877 -0.806168 4 
3.76036 -0.873154 7.5 
0.541122 -1.04413 0 
2.89288 -0.236237 4 
2.24094 -0.986069 3.5 
1.16664 0.486809 0 
2.05775 0.382874 0 
-2.61342 0.240318 -3.5 
0.799576 -0.953964 3.5 
-1.73799 0.337936 4 
-3.32262 -0.780594 -4 
-3.17659 -0.567307 -3.5 
-4.70457 -1.13794 0 
-3.62445 -0.109398 0 
-4.42517 1.29344 -4 
-6.4441 1.43137 -4 
-6.43983 2.53765 -7.5 
-5.82793 2.59998 -3.5 
-7.12232 3.30689 -7.5 
-8.26151 1.77746 4 
-8.78771 3.86997 -11 
-8.8467 0.982609 0 
-8.14749 1.26418 -3.5 
-9.34528 1.257 -3.5 
-8.77424 3.26195 -7 
-8.09856 2.56195 0 
-7.30343 3.943 -10 
-5.76176 5.21519 0 
-5.87417 5.29579 -3.5 
-5.76902 6.16874 0 
-5.45287 8.82199 0 
-4.5432 8.3218 -6.5 
-2.87739 8.83268 -3.5 
-2.14181 10.4027 3.5 
-2.10053 7.49313 -3.5 
-1.81911 6.97576 0 
-1.64263 5.04587 -3 
-1.65808 4.6475 0 
-1.46349 2.36755 0 
-1.48819 0.732006 3 
-2.01021 -2.46054 -3 
-1.54312 -2.93086 3 
-1.09432 -5.44011 -3 
-2.17519 -8.00687 3 
-0.0464001 -9.69891 -3 
-1.40907 -12.8251 0 
0.371108 -10.7292 -6.5 
-0.536693 -12.851 -3 
0.803391 -11.6959 -3 
-1.6891 -14.4617 -3 
1.11938 -13.1243 0 
-0.384078 -14.0805 0 
-0.837413 -13.2234 0 
0.115776 -13.7679 3 
1.2423 -14.0575 0 
-1.39177 -10.8285 3 
-0.543672 -10.2232 3 
-1.17732 -9.80016 3.5 
-0.51972 -10.4282 3 
-1.08447 -10.9276 6.5 
-1.78216 -9.68959 3.5 
0.0497189 -9.12862 0 
-0.374268 -9.2406 6.5 
-1.0652 -6.86472 0 
-0.920609 -10.478 6.5 
-0.860991 -5.28693 3.5 
-1.49951 -6.6637 3.5 
-0.762838 -2.49428 0 
0.573378 -4.33554 7 
-1.03323 -1.62094 0 
0.443142 0.78302 0 
-0.934921 4.26552 -3.5 
-0.614065 5.71416 0 
0.145613 7.04446 -3.5 
0.617548 8.88689 -3.5 
-0.459913 10.5059 -3.5 
-0.0774841 12.8507 -6.5 
0.896744 12.7067 -3.5 
-0.706749 14.6435 -3 
0.637547 14.1639 -3.5 
0.6667 13.3855 -3.5 
-0.311415 15.0833 -3 
0.156399 14.22 -3 
-0.940584 13.541 -3.5 
-2.975 13.5158 3.5 
-0.278013 11.9939 0 
-2.13063 12.2388 3 
-0.202579 9.96508 0 
-0.953648 9.19912 -3 
-1.28268 8.96035 3 
-0.958305 7.87559 0 
-0.994404 6.70392 3 
-0.793953 6.54888 7 
-1.18526 6.17596 0 
-0.25045 5.16467 3 
-0.113739 4.99486 0 
-0.725311 4.59985 3.5 
-0.51001 3.83021 0 
-0.018074 3.52986 3 
0.227234 3.62151 3.5 
0.0376358 2.15261 0 
0.442913 1.54272 0 
-0.799828 -0.340761 3.5 
0.313602 0.0700111 -3.5 
0.287807 1.31137 0 
1.06927 -0.807753 3.5 
-0.262302 -2.25577 -3.5 
-1.12134 -2.59615 0 
1.27323 -4.06224 -3.5 
-0.0300903 -4.87024 -3 
1.38623 -4.80481 0 
0.321285 -5.109 -3.5 
2.1222 -6.33693 -3 
3.26163 -4.74203 -3.5 
1.75369 -9.38426 -3.5 
3.87241 -6.19463 0 
3.11016 -7.17528 -3 
4.23276 -6.71243 -3 
3.72627 -5.58245 0 
3.43897 -5.85031 -3.5 
2.47277 -4.38453 -3 
1.75399 -4.17894 0 
2.44173 -3.22924 0 
2.55228 -3.65471 3 
4.23819 -2.55708 3.5 
4.00572 -2.34281 0 
5.81628 -0.791183 0 
5.31241 -0.652573 3 
6.9526 -0.234505 -3 
7.15777 -1.48999 6 
9.30196 -0.392746 0 
10.4214 -0.2314 0 
9.51052 -1.05993 3.5 
10.2008 -0.750648 6.5 
9.93388 -0.901939 0 
10.4027 -0.427467 6.5 
9.93012 -0.33139 3.5 
8.33654 -0.89212 3.5 
8.83405 -0.179993 3.5 
7.11622 -1.24957 7 
7.31416 0.0616379 3.5 
6.83026 0.370438 3.5 
4.69382 0.555389 3.5 
6.68716 0.246498 4 
4.48744 0.945641 7 
4.31822 0.0385971 0 
3.87404 0.0345688 4 
3.06113 1.11139 0 
2.74318 0.370712 0 
3.69373 -0.121063 3.5 
1.99275 -0.198997 4 
2.57356 -0.335167 0 
0.199844 0.221298 0 
0.816971 0.581482 0 
-0.577133 0.20858 4 
-2.60982 0.717735 -4 
-4.39415 0.79882 -4 
-2.82887 -1.04746 4 
-7.74307 0.984879 -7.5 
-6.02956 0.509766 -4 
-8.2675 0.250793 -3.5 
-8.71292 0.535942 -7.5 
-8.93295 -0.090271 0 
-11.2015 1.41044 -14 
-12.2567 -0.16481 -3.5 
-15.2701 0.295166 -3.5 
-11.7739 0.759995 -7 
-15.4505 0.915344 -6.5 
-11.7434 0.447372 -3 
-13.6298 0.250473 -7 
-11.8973 1.24245 -3 
-11.0634 2.90741 0 
-10.1096 1.58134 0 
-8.85394 2.3732 -6.5 
-8.58569 1.35561 -3 
-6.58035 -0.514519 0 
-5.14557 -2.08405 0 
-3.5639 -3.66818 -3 
-3.5819 -6.35844 0 
-2.42605 -6.59267 -3 
-2.25585 -8.7026 0 
-1.36559 -12.088 3 
0.135967 -11.7766 0 
0.477566 -12.844 0 
-0.330135 -11.5596 0 
-0.0214119 -10.9676 0 
0.187702 -13.9354 9.5 
0.0122795 -10.4645 0 
0.796139 -13.0842 6 
0.361176 -12.8257 7 
0.465958 -9.69753 0 
0.497692 -9.53799 3 
0.731159 -9.71408 6.5 
-0.393036 -7.84483 3.5 
0.410641 -4.83754 0 
0.919827 -0.608215 0 
-0.489906 0.356064 0 
0.836498 3.28261 0 
1.01492 6.21303 0 
0.169319 9.118 -6.5 
0.912268 14.0117 -3.5 
-0.0358105 13.5796 0 
0.19241 15.7183 -3 
0.556395 17.4982 -7 
1.42001 15.5145 -3 
0.645458 16.4316 0 
0.662523 17.8362 -3 
0.805511 17.4264 0 
-1.91186 18.0375 0 
0.102135 14.9176 3 
-0.277761 13.1437 -3 
0.117393 12.8597 3 
0.866388 10.7014 3 
0.921036 12.9929 3.5 
0.520952 9.57944 3.5 
0.727667 9.07775 0 
0.251884 8.10669 3 
0.33824 8.1506 10 
-0.386499 5.41049 3.5 
1.37945 6.23714 0 
0.0377083 3.16636 3.5 
-0.504444 2.94546 7 
0.765978 3.01626 3.5 
-0.215216 0.710388 0 
0.112825 -0.105576 0 
-1.50356 0.0788574 0 
1.42531 -1.99523 0 
-0.397375 -1.94906 0 
-0.873085 -2.41288 -3.5 
-0.158226 -1.74715 0 
-0.539009 -4.46312 0 
0.338888 -4.19992 -3.5 
-0.0633202 -5.47379 -3.5 
0.0789566 -5.93865 -3.5 
1.08899 -7.79798 -7 
0.160227 -7.9221 -6.5 
-0.199564 -10.3636 0 
0.0838757 -8.63929 -3 
0.659613 -10.3394 -3.5 
0.446287 -9.18083 -3.5 
2.2036 -10.3947 0 
0.774342 -12.5373 -3 
0.107248 -13.1952 -3 
2.3073 -13.7112 0 
3.82713 -15.9425 0 
0.352645 -13.6799 -6.5 
-1.31921 -14.1521 6.5 
-2.07425 -11.4678 0 
0.73983 -13.287 0 
1.46383 -12.065 0 
0.0720043 -10.1912 0 
0.314941 -9.19986 0 
0.637965 -9.31795 3 
-1.24226 -8.20909 3 
-0.343294 -6.30565 0 
0.134811 -6.52124 3.5 
0.588207 -8.72049 3.5 
-0.423353 -2.80368 0 
0.509215 -3.55508 0 
-0.549634 -1.87485 0 
0.0486736 -0.352615 3 
-0.631812 1.99081 -3 
0.0659323 1.69252 3 
-0.510739 2.78159 0 
-0.385939 5.84251 -3 
0.696899 5.09912 0 
-0.893522 9.30823 -3.5 
0.119482 5.81799 3.5 
1.21308 7.94144 0 
-0.415839 7.32872 0 
0.231499 8.23309 -3.5 
-1.29583 7.86374 3.5 
2.86016 6.94867 -7 
-0.329199 8.67052 3.5 
-0.658112 10.5905 0 
-0.409576 9.49094 0 
-2.21145 10.4435 3.5 
-0.704166 9.78178 3 
-1.46797 9.54703 3.5 
-0.846069 10.0719 3 
-0.86887 8.52713 3.5 
-2.0044 8.90128 3.5 
-1.83855 8.02393 7 
-2.22167 6.70973 7 
-1.99824 7.51888 3.5 
-2.4859 6.9645 3.5 
-2.06665 8.09662 7.5 
-3.41468 4.59727 11 
-3.81737 3.57086 4 
-2.06313 4.14562 4 
-2.66433 4.28966 7.5 
-1.61988 3.01657 4 
-2.2695 2.23175 12 
-2.79725 3.32308 4.5 
-0.960922 2.09341 8 
-0.269615 2.14668 0 
-1.69412 -0.0215473 4.5 
1.09777 0.375129 0 
-1.34176 0.259197 0 
-0.413837 -0.227184 0 
-0.0674667 0.281627 0 
1.06342 -1.42957 0 
0.185112 -0.271142 0 
1.2317 0.211772 -4.5 
-0.0797234 -0.202397 0 
0.993252 -0.37797 -4 
0.0542679 -0.105977 0 
0.838711 0.23865 -4 
0.372566 -1.38167 -4.5 
1.05397 -0.00243092 -4 
2.65497 -1.51702 -8 
1.13316 -0.386681 -8 
2.63897 0.490602 -7.5 
1.92398 -3.96841 -7.5 
3.24384 -3.11525 -15 
2.80593 -1.53768 -7 
2.98928 -5.96132 -10.5 
5.14004 -4.22441 -7 
4.07786 -6.68483 -13 
3.66295 -7.10815 -7 
3.09542 -7.76772 -6 
1.56168 -8.3713 -9.5 
1.83946 -7.9633 -3 
1.00609 -9.03239 0 
1.19925 -9.50703 -3 
2.9605 -11.0616 -3 
0.978937 -8.28616 -3 
0.666075 -9.04256 0 
-0.44636 -8.71829 0 
1.84998 -11.1796 0 
1.10717 -11.1158 3 
1.29875 -8.67087 -3 
1.0971 -8.1432 -3 
0.945234 -7.38953 3 
0.498933 -6.33438 0 
0.922292 -7.56093 0 
0.102147 -4.7699 3 
-0.224848 -2.66408 -3 
-0.795251 -3.85077 0 
-0.569361 -1.89742 3 
-0.503954 -1.13176 0 
-1.03642 0.607971 0 
0.158042 1.23006 -3 
-2.80885 5.86293 9 
0.46742 4.62094 0 
-0.105855 6.60291 0 
-0.447471 8.14842 -3 
0.755313 8.60942 0 
-0.738554 9.43115 0 
-0.0172915 9.78758 0 
-1.14052 11.7141 0 
-0.403214 13.168 -3 
0.690796 10.6509 0 
-1.09018 14.2279 0 
-1.39309 14.6143 -3 
-1.26842 13.1421 0 
-3.61016 14.595 6 
-4.08517 11.0321 6 
-0.899143 12.5829 0 
-2.47112 8.26723 0 
-2.65214 10.4274 3 
-2.51759 8.77028 9.5 
-0.810413 8.60649 0 
-0.914324 5.18276 6.5 
-1.12578 4.96026 6.5 
-0.806055 4.34281 6.5 
-2.16216 3.92879 7 
-0.459038 1.6741 7 
-1.99803 4.05064 3.5 
-0.0955124 1.32686 3.5 
-1.03323 3.62166 7 
-0.780151 2.18192 4 
-0.745415 3.03145 3.5 
-0.134262 2.71542 7.5 
-0.0274467 1.83185 7.5 
0.236153 1.22807 0 
-0.353691 2.19917 4 
0.175766 1.81225 7.5 
0.295471 0.106449 0 
-0.324718 1.00685 4 
0.770023 -1.1899 -4 
1.47543 -0.498795 0 
0.286751 -0.563969 0 
-0.00660706 -0.649265 0 
1.24829 -0.936523 0 
-0.0685844 -0.691265 0 
1.26331 -0.712807 -4 
0.0721664 -0.30093 0 
0.269859 -0.474766 0 
0.775501 -0.870136 -3.5 
-0.272732 -0.417908 3.5 
0.745649 -0.80286 -3.5 
0.177784 -0.345764 0 
0.592665 -0.151951 0 
0.928484 -0.96096 -4 
0.10293 -0.113182 4 
0.50993 -0.701157 -4 
0.223728 -0.839695 0 
-0.104502 -0.148891 4 
-0.735125 -1.15196 -4 
-0.852955 -1.97592 4 
-0.796745 -2.82674 -4 
-0.780149 -4.03267 -4 
-1.17235 -4.4266 0 
-0.779202 -7.84462 -7.5 
-0.160595 -5.39739 -7 
-0.451557 -11.3455 -7.5 
-0.64452 -10.6326 -10.5 
0.42202 -11.127 -10.5 
-0.552567 -13.986 -6.5 
0.0284004 -13.6564 -6.5 
-0.958408 -12.8049 -10 
-0.753712 -13.4691 -3 
2.24055 -15.9198 -3.5 
-0.0797157 -12.1605 -6 
-0.125488 -11.2986 -3 
-2.24517 -10.5945 0 
0.267414 -12.9313 3 
-0.216805 -12.2472 -3 
0.377766 -13.243 3 
0.16991 -12.3629 0 
1.05687 -13.6055 3 
-0.226875 -10.3096 6.5 
0.544781 -7.68701 -6.5 
0.580666 -8.42119 6.5 
-0.13707 -4.33707 0 
0.558369 -3.78337 3 
-0.0213051 -0.341553 0 
0.894886 1.79414 0 
-0.148285 1.67679 0 
0.580231 2.96396 0 
-0.975769 2.30603 0 
0.0991821 1.95647 0 
0.960297 3.71382 -3 
0.145958 2.07631 0 
-0.863594 4.84795 -3.5 
0.17524 2.26028 0 
0.340496 0.28595 0 
-0.519939 0.601959 0 
0.655285 1.0116 -3 
0.513882 0.469543 3 
0.49164 3.11009 0 
-0.721998 -0.06633 0 
-0.0291901 4.45107 3.5 
-0.0176392 5.04153 0 
-0.0707436 6.47385 0 
0.0721054 8.42535 0 
1.87619 8.16473 0 
-0.826225 13.0343 3 
1.70255 9.36598 0 
-0.279133 13.3248 6.5 
0.167402 12.6501 3.5 
-2.49693 14.1955 9.5 
0.349617 12.7916 3.5 
-0.365276 11.0359 10.5 
-1.12637 8.05167 7 
0.601669 7.99734 7 
1.38657 8.53748 7.5 
0.18092 6.20023 7.5 
-0.0744553 6.16759 7.5 
0.168629 4.94474 11.5 
-0.346004 2.58005 8 
0.749136 3.30515 8 
-0.550079 2.70466 4.5 
-0.9023 3.00333 8 
0.0986214 2.00706 4.5 
-0.340897 2.21057 4 
-0.0533485 1.53106 9 
-0.488354 2.05755 4.5 
-0.335686 0.780567 0 
-0.418415 1.02006 4.5 
-0.902458 0.0979729 0 
0.153187 -0.127281 0 
-0.397007 0.893175 0 
-0.216396 -1.29697 0 
0.261402 -1.24276 0 
-0.0506439 -0.061657 0 
-0.185604 -0.905933 -4.5 
0.0806808 -0.594553 -4.5 
0.874928 -1.66253 -9 
-0.570454 -1.27496 0 
0.715405 -0.78756 -12.5 
0.528786 0.884272 -4 
0.628788 -0.220293 -16.5 
0.336906 0.570324 -4 
1.2135 0.602011 -11.5 
2.6293 -1.01377 -7.5 
1.17222 -2.06657 -11 
0.525486 -2.43932 -14.5 
0.563744 -5.15038 -10.5 
1.93098 -4.741 -13.5 
0.814539 -6.92026 -6.5 
1.96375 -7.73011 -6.5 
0.554699 -7.91796 -9.5 
1.52092 -8.18414 -6 
1.40684 -6.75037 -6 
1.13933 -7.69835 0 
0.60598 -6.66084 -6 
0.980371 -6.26796 0 
1.45131 -7.93763 0 
2.63522 -8.01418 -3 
1.8591 -3.53083 -3 
1.23885 -3.9571 3 
1.84407 -2.8746 0 
0.762971 -2.79206 0 
1.17775 0.0638809 -6 
0.514827 0.680443 3 
0.545615 -1.90923 0 
-0.201094 1.7821 0 
-0.182135 0.625488 -3 
0.0322909 0.259941 3 
-0.0268946 0.687492 3 
2.11487 1.41032 0 
2.5395 2.88007 0 
3.18375 5.36108 6 
4.13277 9.34412 0 
4.00199 9.46615 3 
4.08779 10.5719 9 
6.91471 12.9589 3 
4.55947 13.1596 9.5 
7.27809 13.1632 3 
5.02849 11.1288 10 
7.94108 10.1942 6.5 
5.74754 9.78514 14 
7.31452 6.8519 10.5 
9.911 5.76887 11 
6.1932 3.70332 7.5 
6.22288 3.95551 11.5 
6.28403 2.43082 15.5 
2.41413 3.52583 12.5 
2.74291 0.95579 12.5 
3.4905 0.30689 8.5 
4.18135 0.484633 13.5 
2.98049 0.638168 9 
3.09557 0.188198 4.5 
1.74837 -0.28026 9 
-0.0800552 -0.410279 5 
-0.752632 0.515687 -5 
3.03048 0.866198 10 
-0.0030365 0.143822 0 
-1.58595 -1.11797 0 
1.15852 0.409939 0 
0.717293 0.184427 0 
-0.313133 -0.390951 0 
-1.24152 0.0834961 0 
-0.975693 -0.251789 0 
-0.336555 0.0989075 -5 
0.576332 -0.189413 0 
-2.13638 0.445333 -5 
-0.650665 -0.0171757 0 
1.23862 0.0432777 5 
-0.198128 0.56727 0 
-0.12709 -0.282454 0 
-0.376068 -0.181761 -5 
-1.42518 -0.272127 0 
1.01491 0.270885 0 
-1.28673 -0.0290184 0 
0.266876 -1.21674 0 
-2.03307 -1.10381 0 
1.30794 -1.04494 -9 
-0.515472 -1.29303 -4.5 
-1.8938 -2.60197 -9 
-0.45488 -3.26779 -9 
0.410347 -5.97377 -9 
-2.10439 -5.2989 -12.5 
-8.1127 -4.17101 -4 
-3.3204 -8.21222 -12.5 
-3.92432 -7.0599 -15.5 
-6.68942 -7.17751 -4 
-6.85463 -8.88404 -11.5 
-6.86286 -10.6437 -11 
-6.65838 -9.85634 -7 
-6.42413 -9.17249 -7 
-6.55431 -9.67516 -7 
-9.58609 -8.55961 -7 
-7.99751 -10.1823 0 
-6.88269 -8.04332 -6.5 
-7.15808 -8.2891 -6.5 
-6.68873 -7.857 -3.5 
-6.33936 -8.18022 0 
-5.17269 -9.04115 -6 
-5.74541 -10.3637 0 
-5.74459 -7.90327 -3.5 
-6.75173 -9.72649 3.5 
-6.29902 -7.95352 0 
-5.02274 -8.8228 3 
-5.03051 -7.8665 6.5 
-4.75043 -7.63618 -3.5 
-4.45404 -4.98698 3.5 
-5.01768 -7.34184 0 
-4.0392 -6.34836 3.5 
-3.71809 -3.89156 0 
-1.95655 -6.9868 3 
-0.800117 -3.25211 0 
-2.40517 -3.0603 0 
-2.04765 -1.73039 0 
-2.75528 -3.03621 3.5 
-1.05865 -3.09367 3 
-1.00845 -2.09926 3.5 
-2.94701 0.965469 0 
0.611458 0.509308 0 
-2.81422 2.95946 0 
-1.13673 3.97389 3.5 
-0.999878 7.35211 0 
-0.896347 9.54726 0 
-1.04848 12.895 0 
0.0850372 13.0421 0 
-2.85516 12.1882 0 
-0.412926 13.8357 0 
-1.69949 14.248 3.5 
-2.26572 12.2458 7 
0.459419 14.1174 0 
-1.83784 11.9666 3.5 
0.455803 12.6661 0 
0.742943 11.0827 0 
-1.95196 10.3199 11 
1.86086 9.72749 3.5 
1.687 7.57826 3.5 
0.208351 7.20863 7.5 
0.116386 7.07282 8 
1.40619 6.5401 7.5 
0.964508 5.40021 8 
0.739204 4.37508 8 
1.50491 3.65578 8.5 
2.21982 5.48535 8.5 
0.891396 3.17278 4 
-2.23898 2.09634 13.5 
1.55088 1.35299 0 
-0.387772 1.98906 9 
-0.395325 2.22761 4.5 
0.435287 3.35745 4.5 
-0.21711 -1.4512 4.5 
-0.288651 1.06437 0 
0.545547 1.0323 0 
0.168015 -0.264586 0 
0.149338 -0.141175 0 
0.631378 -1.08283 -4.5 
-1.26582 1.2549 4.5 
0.560204 -0.412192 0 
-1.67931 -0.833514 0 
2.26199 -0.768186 -4.5 
0.283539 1.12965 4.5 
-0.287239 -0.214484 0 
-0.753761 -0.437963 0 
1.0976 1.36745 0 
-0.437904 0.551793 0 
-0.713142 0.783683 0 
-1.35329 0.741587 0 
0.738358 0.889417 0 
0.737465 -1.84005 0 
-0.325798 1.60712 0 
-1.20123 0.224469 0 
0.138702 0.0130873 0 
-0.622688 -0.389255 0 
2.7281 -1.24674 0 
-0.941505 0.966909 0 
0.753281 -0.459011 0 
-0.731682 0.483117 0 
1.14922 -0.515544 -4.5 
-0.564636 0.554666 0 
-1.28863 -2.08558 0 
3.04945 -3.08275 -4.5 
0.800713 -3.26771 -9 
0.269012 -1.85094 -4.5 
-0.112076 -5.27631 -9 
-2.14252 -6.05362 -8.5 
-0.227196 -6.37337 -12.5 
-1.05794 -7.20748 -8.5 
2.23909 -11.9843 -12 
1.65317 -11.68 -11.5 
3.41599 -13.9686 -11.5 
1.63904 -15.1995 -7 
3.23686 -14.024 -7.5 
1.92899 -13.6772 -3.5 
2.18791 -12.8646 -3.5 
1.47137 -13.9506 -7 
2.75969 -10.0123 0 
3.42879 -10.8005 -3.5 
1.60902 -10.6214 0 
-0.0452042 -10.893 0 
1.52395 -9.56999 0 
1.27372 -8.57664 0 
1.71937 -5.78171 0 
0.659283 -5.17123 0 
1.09813 -4.83627 3.5 
0.681171 -3.29863 0 
-0.335102 -1.09846 0 
-0.411167 -0.221191 0 
-0.276482 2.62819 0 
-0.374165 3.08141 0 
0.222214 5.94496 -3.5 
-1.63422 8.24121 0 
-0.176544 10.3083 0 
-1.41183 13.1878 0 
0.0330048 15.6159 0 
-2.9998 14.1342 0 
0.30061 16.0154 -3.5 
-2.16472 14.974 3.5 
-0.510715 16.0003 -3.5 
-0.754726 15.9676 0 
-1.17656 14.4817 3.5 
-0.891514 14.8924 0 
-0.449303 13.6995 0 
-2.54862 14.0148 3.5 
-1.38852 11.9121 3.5 
-1.21025 11.9468 7 
-1.14886 10.521 0 
1.21033 6.892 3.5 
-3.23822 7.9854 7.5 
-3.41656 10.0574 3.5 
-0.148262 4.28156 3.5 
-5.27319 7.37977 4 
-3.03542 5.09949 3.5 
-3.47365 5.52201 8 
-2.86016 3.91898 7.5 
-3.42958 2.56459 4 
-2.16623 1.76397 0 
-3.16753 1.36732 8 
-1.71159 0.63998 0 
-2.71258 -0.75634 4 
-0.93 -1.97811 -4 
-0.748779 -1.13385 0 
0.384293 -2.72828 -4 
0.0327682 -2.25226 0 
0.561417 -1.14831 -4 
0.308434 -1.97168 0 
3.16003 -0.664223 -4 
1.95741 -0.306801 0 
3.04436 -0.121449 -4 
3.6861 -0.628525 -3.5 
4.79525 0.491329 -4 
4.66978 1.72486 -4 
5.72173 0.771534 0 
8.46035 1.47413 0 
8.76824 1.11675 -3.5 
8.96349 1.15869 -7.5 
8.40224 -1.42508 -3.5 
9.07451 -1.52233 -7.5 
8.14674 -3.89537 -7 
7.56994 -7.07439 -3.5 
6.68775 -7.12238 -10.5 
6.35669 -8.36819 -10 
5.37244 -12.2565 -3 
4.93606 -13.144 -7 
3.39902 -13.7705 -6 
2.85721 -14.9781 -6.5 
3.8576 -16.863 -3 
2.45447 -13.7741 0 
3.0791 -15.5196 -6 
2.92428 -18.3126 0 
0.806581 -14.7173 0 
-0.0627403 -12.9966 6 
0.907343 -15.2085 -3 
0.794968 -10.815 3 
0.209314 -13.5178 0 
1.14113 -10.1106 3 
0.130697 -10.3251 0 
-1.65672 -10.1103 3 
1.26829 -8.06073 3.5 
-0.267366 -6.28052 0 
-0.833078 -5.1384 0 
-0.789688 -4.68015 3 
-0.441467 -2.92206 0 
-1.13539 -2.49907 3 
-0.884249 -0.267502 -3 
-0.820086 2.77502 0 
-0.292658 3.90569 0 
-0.593729 7.20961 -3 
-0.0313606 10.3973 -3.5 
-0.82531 11.906 -3 
-1.07761 12.9332 0 
-1.57132 14.1608 -3 
-1.89797 19.0211 0 
-1.63462 18.584 0 
-2.01926 16.3018 0 
-2.29436 19.0424 0 
-1.58692 16.7327 3 
-0.00543594 15.005 0 
-2.92329 16.1218 6.5 
-2.36058 13.6759 6 
-2.42295 13.5346 3.5 
-2.64891 11.8342 10 
-2.24201 11.8919 3 
-3.12466 10.5824 10.5 
-1.38034 9.39767 7 
-2.80317 5.47247 7 
-2.81002 6.59297 11 
-3.1777 5.53691 11 
-2.51748 4.64793 4 
-1.36334 3.84461 4 
-2.54578 3.96658 7.5 
-0.453539 2.16378 4 
-1.11794 2.04123 4 
-1.52144 0.47147 4 
0.262108 0.0820122 0 
-0.79674 -0.529678 4 
-2.60032 -0.0447922 0 
-0.142216 -0.432491 0 
0.0378761 -1.97316 0 
-0.543951 -1.11548 0 
0.179533 -0.834774 -4 
0.951544 -2.91103 -4 
-0.208996 -1.93904 -4 
1.39581 -2.38114 -4 
1.2317 -3.22707 -4 
1.18681 -4.45451 -7.5 
2.7683 -6.20248 -15 
1.07074 -5.88246 -7.5 
1.56972 -8.37996 -10.5 
2.07246 -9.75593 -10.5 
0.752694 -11.0626 -10 
1.75729 -10.1735 -6.5 
1.22991 -11.248 -10 
0.894095 -14.2236 -3 
1.06803 -13.8866 -9.5 
0.935999 -14.9769 -3 
1.08229 -14.6784 0 
3.64808 -16.4417 -3 
-0.494804 -12.7826 0 
-1.96571 -11.3953 3 
0.918206 -12.9437 0 
0.307534 -12.2547 0 
-0.27611 -11.8801 3 
0.394099 -10.9591 0 
-0.0383515 -11.6808 3 
-0.00269127 -12.9326 6.5 
-1.06339 -9.4467 0 
-0.223247 -9.2222 3 
0.216542 -6.35464 0 
-0.523764 -6.53339 3 
-1.63198 -5.08154 3.5 
-1.45352 -3.00189 0 
-2.41528 0.199051 0 
-0.419638 1.75397 3.5 
-0.972685 3.38293 0 
-1.04857 7.43286 0 
-1.32546 7.93716 -3.5 
-1.88696 10.7031 3.5 
-1.78072 11.4718 -7 
-1.53352 13.7908 7 
-5.86625 13.2303 0 
-2.59075 16.7129 0 
-5.14896 17.3422 3 
-4.61768 17.5368 0 
-6.17715 16.3308 6.5 
-5.47793 16.6819 3.5 
-5.43755 15.334 7 
-5.32629 13.2658 3.5 
-2.85995 12.8009 7 
-4.97399 11.1491 7 
-4.65427 9.49904 11 
-3.8642 8.34791 7.5 
-6.06028 9.34186 11.5 
-3.61391 5.39322 8 
-3.81336 4.53033 12 
-3.05972 3.41043 8.5 
-3.12994 2.97495 12.5 
-3.72626 2.33759 13.5 
-1.45777 1.53739 4.5 
-1.72113 1.0281 9 
-1.70406 0.166712 9 
0.239456 -0.610823 0 
-1.51266 0.416023 4.5 
-0.484001 -0.450439 0 
-1.09901 0.221836 5 
0.26091 -0.329367 -5 
0.117371 -0.166128 -4.5 
2.61131 0.47258 -4.5 
2.26688 1.33605 0 
3.97979 0.946657 -9 
3.49048 2.7319 -4.5 
5.64848 2.83263 -4.5 
6.7607 1.12267 -13.5 
6.68234 2.22345 -4 
8.89267 1.12069 -8.5 
7.64964 -0.619328 -8.5 
9.32384 -2.5161 -16 
7.68859 -4.78034 -11.5 
6.39223 -5.90719 -7.5 
6.10781 -8.13423 -11 
6.21355 -9.4494 -18 
6.42398 -9.50919 -14 
3.46042 -12.1345 -9.5 
2.0175 -13.4319 -10 
1.91267 -14.8188 -3 
1.1289 -15.1109 -9.5 
2.17374 -15.5588 -6 
1.50287 -12.4066 -6 
0.998602 -14.2911 -3 
1.28484 -12.0868 0 
0.0916409 -12.3986 0 
0.407048 -13.2615 0 
-0.137474 -9.82486 0 
0.244138 -8.12804 0 
0.708014 -10.798 3 
0.18573 -8.93491 0 
-0.114012 -9.45755 3 
-0.240838 -9.30699 0 
-0.105635 -8.33711 3 
-0.0895243 -5.04898 3 
0.390294 -1.04802 0 
-0.334684 1.35471 0 
-0.273925 5.92929 0 
-0.0343406 9.12265 -3 
-0.988287 11.6654 3 
0.214016 12.7398 0 
-1.30071 16.6186 -3 
-1.56622 16.6541 3 
-3.23227 20.794 3 
-0.0329723 14.2451 -3 
-4.46851 17.5437 3 
-2.96238 16.1698 3 
-3.23005 14.0105 6.5 
-3.4451 12.914 3 
-0.971405 11.8136 10 
-2.4239 10.2745 0 
-1.29983 10.5299 9.5 
-1.72977 8.58292 7 
-1.44189 7.45402 3.5 
-1.62462 7.89381 7 
-2.79129 3.21398 10.5 
-3.03113 5.04322 7.5 
-1.61217 5.00656 7.5 
-1.18188 4.02577 7.5 
-2.33872 4.26319 11.5 
-1.52229 2.71489 4 
-1.63861 2.16656 12 
-1.09367 1.93388 4.5 
-2.31149 1.18724 8 
-0.695747 1.73692 4.5 
-1.21154 0.908176 4 
-1.27264 0.938705 9 
-0.476891 0.686317 0 
-0.339752 0.29985 4.5 
-1.35796 -1.19124 0 
0.138832 -1.33898 -4.5 
0.906933 -2.14375 -9 
-0.303604 -3.10896 -4 
0.648609 -4.77272 -12.5 
0.373299 -4.39076 -8.5 
-0.127621 -7.02494 -8 
-0.516026 -8.76789 -11.5 
1.04912 -6.93432 -8 
0.0831261 -11.7799 -14.5 
0.663712 -11.0246 -11 
1.21326 -12.3812 -10.5 
0.304516 -11.7413 -7 
0.107529 -11.0184 -10 
-0.144272 -10.7263 0 
0.160606 -10.9711 -3 
0.415127 -9.26375 -7 
1.50939 -12.4936 -3 
0.739803 -10.9104 0 
0.248089 -11.4153 0 
0.187576 -10.0925 -3 
0.603058 -7.18729 0 
0.583122 -11.0026 3 
-0.200397 -9.85286 -3 
-0.515503 -10.8026 3 
-0.0251961 -8.90033 0 
0.670387 -8.68507 0 
0.879608 -9.64439 0 
1.12906 -6.4127 0 
1.03993 -7.86594 0 
1.67467 -6.414 0 
0.778385 -7.88399 3 
1.69551 -7.64871 3.5 
-0.0854607 -6.51706 0 
0.585957 -7.6817 3.5 
0.676289 -5.5181 0 
-0.57032 -7.00626 0 
0.35524 -5.81415 0 
1.94049 -8.74683 3 
-0.152145 -4.48666 0 
0.265705 -3.7699 3.5 
-0.85564 -1.38693 3 
0.365818 -2.95142 3.5 
-0.594872 1.24597 0 
-0.691086 -0.452332 0 
1.90867 -0.394836 0 
0.112785 -0.0940247 0 
-0.102428 1.21771 0 
-0.0366707 -0.45285 0 
-1.52728 -1.06784 3.5 
0.173431 -0.682983 0 
-0.484489 -0.434418 0 
0.751625 -4.3512 0 
-0.226295 1.88306 0 
-0.465919 -1.0596 0 
0.224667 -1.16391 3.5 
0.725758 -4.99365 0 
-0.0681686 1.82562 3.5 
-0.935719 1.9299 -3.5 
0.0915718 1.2453 0 
0.144005 2.66327 0 
-0.924465 5.21768 -3.5 
-0.0256691 6.3497 -3.5 
-1.33707 8.51187 0 
-1.11889 11.069 0 
-2.25853 13.5828 -3.5 
-2.87696 16.2693 -3 
-0.539162 16.0767 -3.5 
-3.559 14.6595 0 
-0.937546 19.8403 0 
-2.33651 17.248 3.5 
-1.54877 15.8759 -3.5 
-1.75333 16.9039 0 
-1.62641 16.4347 3.5 
-1.97628 16.1938 3 
-1.80377 15.4573 3.5 
-2.40781 13.8874 3.5 
-0.622391 13.2454 10.5 
-1.45919 11.3136 3.5 
-1.41319 10.4468 3.5 
0.15461 9.6011 11 
-1.1757 8.09706 11 
1.68942 3.66264 4 
0.161034 6.59543 7.5 
-2.47215 7.63538 8 
-2.95828 4.2261 8 
-0.887413 2.98374 8.5 
-1.90293 3.81366 12.5 
-0.781761 2.53547 4 
-0.222977 2.31901 4.5 
-1.99548 1.29564 4.5 
-0.617073 1.1621 4.5 
-0.793831 0.589964 0 
-0.510551 -0.105236 0 
-0.617668 -1.14761 4.5 
-0.846924 -0.943651 -4.5 
-0.152336 -0.882029 -4.5 
0.486099 -1.00059 0 
-0.181931 -0.723791 0 
-1.34193 0.199831 0 
-0.262817 -0.473017 -4.5 
-1.81497 0.0670681 0 
-0.582169 0.853275 0 
-2.62493 0.55538 4.5 
-4.38032 -0.514494 0 
-5.48451 -2.02539 0 
-5.31698 -3.02374 4.5 
-6.60644 -2.08202 -4.5 
-6.56427 -5.20276 -4.5 
-7.10135 -4.99762 -4.5 
-9.82669 -6.24113 0 
-7.63666 -7.85118 -4 
-6.14496 -6.96611 0 
-5.74507 -7.33862 -8.5 
-9.01025 -9.83175 0 
-4.43155 -6.83177 -4 
-4.47173 -5.81616 4 
-1.73576 -4.08747 0 
-0.94165 -4.27029 0 
-0.34436 -0.813915 0 
0.751373 -0.114017 0 
2.56314 1.93405 -4 
2.8363 4.48484 -4.5 
4.77313 3.30346 0 
4.72675 5.76712 -4 
6.14589 5.05307 0 
7.91144 6.99664 -4 
10.2863 7.12544 -8 
10.5196 7.81613 0 
8.82546 5.4199 0 
11.3699 7.58505 -7.5 
10.4499 5.87179 -4 
8.11227 8.97631 0 
12.9466 3.1615 -4 
9.07338 8.53334 0 
14.0592 6.07515 -3.5 
12.2644 5.18791 -4 
13.8293 3.09529 0 
12.8259 2.1773 -3.5 
10.892 1.59059 0 
9.19736 -0.580994 7.5 
8.47056 -3.12344 0 
6.85235 -2.34547 0 
7.99255 -3.71656 3.5 
7.56139 -3.46878 4 
6.89167 -2.8696 0 
8.57407 -3.63248 0 
5.69102 -3.28268 0 
5.86205 -2.36937 0 
5.35397 -2.74605 4 
2.42273 0.714935 3.5 
4.86414 -3.4924 0 
3.67574 -0.914397 4 
2.26005 -0.961848 0 
0.417068 -0.256246 0 
-0.196075 1.35033 4 
0.485909 0.273575 0 
-2.34061 0.817938 -4 
-1.97585 0.416346 0 
-3.30861 1.89887 -7.5 
-3.7394 1.01504 3.5 
-1.49806 -2.25055 -3.5 
-5.83884 0.853481 -4 
-7.73748 -0.331635 -4 
-8.96822 0.00918007 -3.5 
-11.2244 -0.40943 -4 
-12.0446 0.45903 -3.5 
-13.5308 1.59402 0 
-10.7218 -1.20515 -3.5 
-10.3865 -2.51704 -11 
-11.3092 -1.90023 3.5 
-10.4439 0.515207 0 
-12.0894 -1.90766 0 
-10.4039 0.850787 3.5 
-10.0406 -4.1013 4 
-9.59806 1.25782 0 
-10.3394 -1.34091 0 
-7.09646 -4.34332 0 
-8.41042 -4.62645 0 
-7.61061 -6.53159 0 
-5.01456 -8.06575 0 
-6.95319 -7.1778 0 
-6.58085 -10.0382 0 
-6.15582 -9.59704 0 
-5.44687 -8.78892 0 
-5.39049 -9.61428 0 
-3.08061 -11.5037 0 
-2.91267 -11.5928 0 
-2.74944 -9.35387 0 
-0.513611 -4.96256 -4 
0.00398254 -5.3758 0 
1.08562 -1.00134 -3.5 
0.912979 -1.26227 0 
1.02658 -2.82489 -3.5 
2.4709 -4.95055 0 
-2.1199 -6.29153 0 
2.51288 -15.944 -3.5 
1.23195 -15.0028 0 
0.879639 -14.0196 0 
1.71698 -17.1109 3.5 
0.451828 -16.7379 0 
3.08131 -14.943 0 
1.68924 -15.7098 7 
2.61673 -13.8485 4 
3.39397 -10.4924 0 
1.48518 -12.2476 11 
2.37047 -8.26001 3.5 
2.76646 -6.48117 0 
2.10303 -5.83701 4 
2.26093 -2.40829 0 
1.32515 -3.83344 0 
2.13949 -2.33963 0 
0.931839 -1.04453 0 
1.11272 -0.925201 0 
-0.0919647 4.81961 -4 
1.14095 -0.235107 0 
-0.578056 4.55249 -3.5 
0.112694 5.5704 -4 
-0.0378189 6.22098 -3.5 
-1.33566 6.84167 0 
-0.9188 8.12268 -3.5 
-0.43544 9.00061 -4 
-0.561623 9.66228 -7 
-1.14677 9.06645 0 
-1.32409 11.34 -3.5 
-1.63354 11.6117 0 
-1.94538 11.5773 0 
0.158127 13.5102 -3.5 
2.25502 15.1842 0 
-1.94815 15.369 -3.5 
1.41811 16.9597 -3.5 
-0.0582657 15.2958 3.5 
1.52992 18.2919 3.5 
1.9737 16.0821 0 
2.82182 14.9646 3.5 
2.71952 14.8525 0 
1.28242 13.422 7 
2.06214 12.5321 3.5 
2.76229 9.63214 7.5 
