1.33077 -0.238072 1.5446 2.0857 
1.33137 -0.237721 1.5446 2.0857 
1.33595 -0.225594 1.51809 2.0857 
1.32996 -0.229741 1.54952 2.0857 
1.32057 -0.228193 1.53229 2.0857 
1.31047 -0.236201 1.5446 1.98277 
1.30149 -0.241708 1.53564 1.95229 
1.29891 -0.239386 1.4596 2.0857 
1.28162 -0.247182 1.5446 1.03966 
1.266 -0.251163 1.5446 0.996177 
1.19304 -0.23807 1.53743 0.826232 
1.17449 -0.146773 1.42316 0.697949 
1.35364 -0.186946 1.5446 2.0857 
1.34359 -0.212802 1.5446 1.19969 
1.31054 -0.257641 1.5446 1.10732 
1.30257 -0.268156 1.5446 1.07698 
1.30695 -0.26262 1.5446 0.98958 
1.31354 -0.257151 1.5446 1.05801 
1.30705 -0.263596 1.5446 1.0986 
1.27856 -0.281645 1.5446 1.16049 
1.28076 -0.284582 1.5446 1.15932 
1.2838 -0.284703 1.5446 1.14347 
1.29334 -0.272803 1.5446 1.04841 
1.30011 -0.244382 1.5446 0.944253 
1.28612 -0.225072 1.42569 1.94156 
1.26041 -0.210081 1.38546 2.0857 
1.25816 -0.201853 1.47477 1.49911 
1.24913 -0.219396 1.52277 0.931168 
1.24014 -0.219621 1.52202 0.867384 
1.15013 -0.151232 1.33268 0.673891 
1.10944 -0.122311 1.28052 0.587684 
1.08456 -0.112204 1.27212 0.630059 
1.07372 -0.106201 1.27876 0.599499 
1.061 -0.108923 1.29285 0.535325 
1.0437 -0.123392 1.31075 0.514352 
1.12424 -0.184623 1.36253 0.626286 
1.17359 -0.226551 1.44587 0.757744 
1.18133 -0.239206 1.48887 0.802489 
1.18534 -0.237098 1.47612 0.759831 
1.17802 -0.243222 1.47405 0.756136 
1.148 -0.216803 1.44261 0.645038 
1.05818 -0.136317 1.22515 0.537236 
1.01865 -0.114675 1.18007 0.499997 
1.02758 -0.12043 1.22086 0.511175 
1.01954 -0.11144 1.21979 0.457846 
1.02798 -0.113062 1.23511 0.393847 
1.03518 -0.107862 1.24917 0.336478 
1.04375 -0.102602 1.27571 0.351854 
1.11671 -0.0864127 1.29875 0.334714 
1.13648 -0.0852335 1.30424 0.32271 
1.13229 -0.0943969 1.33509 0.283641 
1.13895 -0.104567 1.3368 0.271352 
1.142 -0.11129 1.31124 0.36689 
1.15586 -0.131871 1.36198 0.324168 
1.17947 -0.139202 1.42281 0.280836 
1.18946 -0.14188 1.37285 0.240747 
1.19181 -0.153735 1.40777 0.214878 
1.19724 -0.154673 1.41213 0.188419 
1.20706 -0.143697 1.49093 0.166815 
1.19799 -0.138637 1.43661 0.157367 
1.21309 -0.113608 1.52216 0.138776 
1.2539 -0.155971 1.49174 0.223973 
1.25769 -0.159013 1.48713 0.26402 
1.25305 -0.152432 1.5446 0.271625 
1.25752 -0.174453 1.51436 0.400887 
1.17852 -0.205097 1.49607 0.260998 
1.20695 -0.185737 1.52666 0.257113 
1.2126 -0.190275 1.5367 0.275216 
1.21854 -0.184435 1.52912 0.293381 
1.19688 -0.175015 1.49004 0.313749 
1.22976 -0.221884 1.54032 0.437201 
1.25419 -0.221504 1.5446 0.520296 
1.22859 -0.240864 1.5446 0.624838 
1.24248 -0.259235 1.44583 2.0857 
1.2867 -0.265779 1.54186 2.0857 
1.29461 -0.276186 1.5446 2.0857 
1.24464 -0.323174 1.5446 1.38394 
1.26491 -0.305522 1.5446 1.5192 
1.27212 -0.298007 1.5446 1.13017 
1.25729 -0.305275 1.5446 1.14208 
1.25929 -0.306388 1.5446 1.13141 
1.27372 -0.281562 1.5446 2.0857 
1.26636 -0.27926 1.5446 2.0857 
1.25178 -0.293734 1.5446 2.0857 
1.24117 -0.301734 1.5446 2.0857 
1.24141 -0.298543 1.5446 1.72486 
1.23881 -0.298172 1.5446 1.96158 
1.23412 -0.293277 1.5446 2.0857 
1.2224 -0.290595 1.5446 2.0857 
1.19709 -0.279424 1.5446 2.0857 
1.20518 -0.282758 1.5446 2.0857 
1.27685 -0.282501 1.5446 1.62025 
1.30672 -0.2632 1.5446 1.96649 
1.33693 -0.174919 1.54383 1.68226 
1.21799 -0.107662 1.40824 0.458217 
1.08258 -0.0115557 1.2273 0.255725 
0.997802 0.0190799 1.15159 0.175199 
0.967495 0.0306035 1.10835 0.134672 
0.987451 0.00794578 1.13349 0.144645 
1.04913 -0.0112479 1.22985 0.149326 
1.07672 -0.0314816 1.23017 0.136707 
1.08947 -0.0480595 1.26059 0.201461 
1.12101 -0.0739511 1.32107 0.197875 
1.14133 -0.0806482 1.3486 0.157029 
1.15915 -0.0713368 1.34479 0.133011 
1.17121 -0.0699012 1.35525 0.117936 
1.26759 -0.118955 1.52529 0.333082 
1.27886 -0.124964 1.50151 0.17696 
1.26798 -0.13473 1.50791 0.19474 
1.18205 -0.157614 1.438 0.231022 
1.24549 -0.221261 1.51902 0.340022 
1.23567 -0.204707 1.50231 0.348744 
1.29937 -0.207333 1.5446 0.408091 
1.31787 -0.217342 1.5446 2.0857 
1.26249 -0.288351 1.5446 0.700124 
1.23401 -0.282252 1.5446 0.75477 
1.31325 -0.245211 1.5446 1.00374 
1.16797 -0.194181 1.5446 1.69961 
1.15398 -0.20625 1.5446 2.0857 
1.15721 -0.219542 1.5446 2.0857 
1.13936 -0.232195 1.5446 2.0857 
1.1218 -0.236401 1.5446 2.0857 
1.1094 -0.252805 1.5446 2.0857 
1.11593 -0.245283 1.5446 2.0857 
1.1231 -0.229143 1.5446 2.0857 
1.14126 -0.221183 1.5446 2.0857 
1.16237 -0.218503 1.5446 2.0857 
1.32332 -0.176361 1.5446 2.0857 
1.28698 -0.145574 1.5446 2.0857 
1.26275 -0.162735 1.5446 2.0857 
1.22269 -0.196542 1.5446 2.0857 
1.23435 -0.281828 1.5446 2.0857 
1.28608 -0.279194 1.5446 1.50404 
1.29404 -0.239173 1.54328 1.7804 
1.24463 -0.148122 1.37719 1.43184 
1.15647 -0.080252 1.29822 0.705529 
1.10672 -0.0707041 1.26902 0.453086 
1.12016 -0.0900232 1.30991 0.387905 
1.1178 -0.0824928 1.32094 0.306303 
1.13218 -0.109127 1.36777 0.292268 
1.09002 -0.0871238 1.30339 0.207759 
1.0775 -0.0864624 1.29381 0.158786 
1.10899 -0.112068 1.35146 0.224848 
1.20018 -0.107754 1.53226 0.199229 
1.24544 -0.0987004 1.44958 0.185439 
1.20949 -0.104799 1.4887 0.163726 
1.2368 -0.0858156 1.46576 0.133588 
1.24287 -0.0743398 1.44573 0.114985 
1.23788 -0.128359 1.5289 0.226036 
1.24361 -0.124844 1.52748 0.274738 
1.25016 -0.145471 1.51862 0.390988 
1.25492 -0.149629 1.50939 0.226419 
1.18149 -0.156363 1.44221 0.235866 
1.20686 -0.159643 1.4853 0.258531 
1.22708 -0.165198 1.51581 0.304572 
1.22762 -0.165702 1.53517 0.334022 
1.21528 -0.194206 1.5446 0.443475 
1.23968 -0.221901 1.5446 0.564872 
1.24933 -0.226782 1.5446 0.726059 
1.22827 -0.227252 1.5446 0.837583 
1.20567 -0.206022 1.53767 0.908702 
1.19949 -0.209498 1.5446 1.07835 
1.20173 -0.217016 1.5446 1.311 
1.241 -0.255362 1.5446 0.987938 
1.23992 -0.269181 1.5446 1.05908 
1.2362 -0.292265 1.5446 1.10431 
1.22767 -0.29428 1.5446 1.24535 
1.30588 -0.257935 1.5446 1.70111 
1.31434 -0.25585 1.5446 2.0857 
1.3148 -0.255935 1.5446 2.0857 
1.30142 -0.269323 1.5446 2.0857 
1.30275 -0.266894 1.5446 2.01427 
1.29704 -0.26684 1.5446 1.92833 
1.2896 -0.275739 1.5446 1.94563 
1.29577 -0.272533 1.5446 1.68105 
1.29218 -0.274648 1.5446 1.7685 
1.29431 -0.274515 1.5446 1.93224 
1.30232 -0.267273 1.5446 1.91773 
1.32525 -0.238153 1.5446 1.29899 
1.22864 -0.187051 1.42559 0.90729 
1.13808 -0.157691 1.39141 0.720162 
1.09526 -0.138116 1.35125 0.70802 
1.00878 -0.0879122 1.29352 0.493941 
0.980319 -0.0609505 1.32548 0.411841 
1.00142 -0.0615207 1.33782 0.413342 
1.03495 -0.0950892 1.37271 0.383142 
1.06492 -0.108239 1.36844 0.337139 
1.07954 -0.0968108 1.34267 0.293358 
1.09258 -0.107397 1.33938 0.380859 
1.13123 -0.115924 1.32921 0.320555 
1.16844 -0.121506 1.41987 0.271828 
1.19584 -0.114861 1.46524 0.225809 
1.25171 -0.119683 1.50441 0.169488 
1.24744 -0.120509 1.51219 0.161122 
1.25692 -0.117363 1.5446 0.139131 
1.27324 -0.0987813 1.51698 0.135561 
1.26234 -0.13731 1.5446 0.22071 
1.28606 -0.168387 1.5446 0.379204 
1.32 -0.198973 1.5446 0.452548 
1.30382 -0.186598 1.5446 0.593105 
1.31175 -0.20611 1.54173 0.739295 
1.26607 -0.214876 1.5446 0.33655 
1.23437 -0.200852 1.54566 0.335119 
1.18211 -0.20683 1.51409 0.391481 
1.159 -0.219155 1.52557 0.453007 
1.13955 -0.222371 1.51884 0.512728 
1.2323 -0.247922 1.5446 0.694725 
1.25874 -0.262825 1.5446 0.864057 
1.2505 -0.26099 1.5446 1.06727 
1.1702 -0.294348 1.5446 1.03933 
1.14748 -0.305423 1.5446 0.816794 
1.169 -0.296279 1.5446 0.825005 
1.16736 -0.303518 1.5446 0.930503 
1.15165 -0.294164 1.5446 1.03127 
1.24003 -0.27098 1.5446 1.14065 
1.22056 -0.269453 1.5446 1.24869 
1.21336 -0.28198 1.5446 1.2499 
1.24415 -0.291192 1.36682 2.0857 
1.24509 -0.298938 1.39712 2.0857 
1.2571 -0.306964 1.5446 2.06472 
1.25726 -0.305596 1.50007 2.0857 
1.2524 -0.31058 1.5446 1.81519 
1.24369 -0.309584 1.40326 2.0857 
1.24177 -0.315559 1.5446 1.24577 
1.20395 -0.31938 1.5446 1.14763 
1.20286 -0.295216 1.5446 0.939677 
1.2021 -0.27116 1.5446 0.930076 
1.2206 -0.244133 1.52592 0.877104 
1.28457 -0.139928 1.4936 0.833242 
1.26655 -0.158733 1.41218 1.9059 
1.22218 -0.144743 1.34165 1.56444 
1.23465 -0.161976 1.37863 1.25678 
1.25875 -0.165938 1.48668 0.776248 
1.25469 -0.157374 1.49164 0.531154 
1.23364 -0.145765 1.435 0.511234 
1.22068 -0.0998026 1.42938 0.370207 
1.21176 -0.120578 1.46918 0.32504 
1.1576 -0.0932107 1.36725 0.272669 
1.17292 -0.105946 1.38866 0.217709 
1.19608 -0.134248 1.45783 0.231721 
1.21114 -0.139787 1.49665 0.20492 
1.2405 -0.122329 1.49593 0.159739 
1.22727 -0.129299 1.54467 0.130346 
1.28076 -0.0728828 1.49549 0.0596751 
1.2764 -0.0792024 1.52869 0.0922714 
1.26759 -0.109215 1.50238 0.249601 
1.26546 -0.140293 1.52096 0.369638 
1.25147 -0.165972 1.47173 0.66717 
1.2367 -0.180238 1.51154 0.295893 
1.21519 -0.162474 1.48699 0.287145 
1.17864 -0.153105 1.46545 0.312129 
1.15951 -0.166886 1.46308 0.357486 
1.22519 -0.208887 1.5446 0.491528 
1.29574 -0.208994 1.5446 2.0857 
1.29957 -0.259048 1.5446 1.0217 
1.28906 -0.28026 1.5446 1.06882 
1.25191 -0.296849 1.5446 1.16619 
1.25831 -0.278111 1.5446 1.31065 
1.24749 -0.263485 1.5446 0.935322 
1.25051 -0.249784 1.5446 0.9086 
1.28809 -0.250993 1.5446 1.23394 
1.28197 -0.270476 1.5446 1.32731 
1.23656 -0.332693 1.5446 1.62322 
1.22011 -0.341462 1.5446 1.60182 
1.18057 -0.339622 1.5446 1.81509 
1.18878 -0.349741 1.5446 1.8621 
1.2582 -0.310733 1.5446 1.70819 
1.25284 -0.316952 1.5446 1.90012 
1.24477 -0.32301 1.5446 2.0857 
1.24199 -0.325006 1.5446 2.0857 
1.24218 -0.324557 1.53286 2.0857 
1.23835 -0.327194 1.5446 2.0857 
1.23809 -0.327654 1.5446 2.0857 
1.24197 -0.325648 1.5446 2.0857 
1.27673 -0.293994 1.5446 2.0857 
1.26837 -0.30131 1.5446 1.89022 
1.26948 -0.258676 1.5446 1.21188 
1.25992 -0.265624 1.5446 1.09011 
1.25317 -0.267321 1.5446 1.13139 
1.17324 -0.259926 1.35687 1.5683 
1.13806 -0.238713 1.2981 1.24336 
1.12154 -0.142746 1.34851 0.557276 
1.13231 -0.128044 1.31217 0.506666 
1.14471 -0.108466 1.32652 0.412878 
1.15284 -0.0912974 1.33672 0.301585 
1.15812 -0.100142 1.35484 0.271159 
1.15435 -0.103948 1.33949 0.273562 
1.15288 -0.0895994 1.30196 0.214251 
1.17039 -0.0898515 1.32715 0.269548 
1.17645 -0.102562 1.33824 0.239746 
1.20608 -0.0971614 1.3948 0.214097 
1.2137 -0.104863 1.39898 0.188981 
1.26973 -0.118607 1.4464 0.156921 
1.27276 -0.116236 1.46104 0.177764 
1.27207 -0.11002 1.48146 0.182244 
1.24197 -0.130045 1.49785 0.219223 
1.16659 -0.117379 1.37254 0.20881 
1.05655 -0.131437 1.37239 0.238688 
1.07783 -0.174447 1.42704 0.340214 
1.05344 -0.152314 1.37687 0.359859 
1.08749 -0.228954 1.44998 0.518868 
1.07058 -0.241177 1.44106 0.61029 
1.06621 -0.246592 1.42251 0.692141 
1.14225 -0.184234 1.45789 0.87122 
1.13374 -0.208845 1.46865 0.923318 
1.15829 -0.156797 1.46289 0.869303 
1.3935 -0.167711 1.5446 1.33617 
1.36739 -0.194513 1.5446 1.38107 
1.32627 -0.243856 1.5446 1.5743 
1.31692 -0.253674 1.5446 1.49956 
1.30909 -0.261702 1.5446 1.46205 
1.2917 -0.279091 1.5446 1.41541 
1.28784 -0.282901 1.5446 1.52203 
1.27722 -0.293569 1.5446 1.49524 
1.27885 -0.291857 1.5446 1.52347 
1.28228 -0.287766 1.5446 1.33156 
1.27755 -0.291741 1.5446 1.37406 
1.28455 -0.283436 1.5446 1.27019 
1.28525 -0.282555 1.5446 1.14668 
1.28692 -0.280005 1.5446 1.15829 
1.28415 -0.275355 1.5446 1.05202 
1.26932 -0.279419 1.5446 1.8598 
1.28342 -0.264267 1.5446 1.84374 
1.29574 -0.247164 1.5446 1.65329 
1.27407 -0.156936 1.40769 1.51606 
1.24506 -0.13842 1.3961 1.19485 
1.20149 -0.125538 1.36681 0.654522 
1.18331 -0.141465 1.39293 0.495244 
1.17425 -0.135853 1.36725 0.406656 
1.05841 -0.0502917 1.24445 0.246919 
1.02402 -0.0423015 1.17721 0.169983 
1.07806 -0.078387 1.25619 0.177422 
1.11384 -0.0156025 1.25508 0.0678929 
1.15986 -0.0305489 1.29828 0.06516 
1.1593 -0.061126 1.34881 0.0910812 
1.33735 -0.175607 1.5446 0.454734 
1.32742 -0.19261 1.5446 0.548352 
1.32754 -0.205717 1.5446 0.837491 
1.33278 -0.19723 1.5446 1.27116 
1.33556 -0.212257 1.5446 1.6776 
1.27659 -0.266843 1.54707 1.78733 
1.29491 -0.238096 1.5446 2.0857 
1.29919 -0.224079 1.53689 2.0857 
1.30181 -0.213117 1.5446 0.672596 
1.30511 -0.250325 1.5446 0.946283 
1.39708 -0.173469 1.5446 1.30191 
1.36018 -0.190809 1.5446 1.32015 
1.34274 -0.196914 1.5446 1.6337 
1.31527 -0.229399 1.5446 1.54897 
1.31783 -0.225837 1.5446 1.55599 
1.31151 -0.233401 1.5446 1.51707 
1.30849 -0.252011 1.5446 1.53345 
1.30259 -0.255268 1.5446 1.52078 
1.29236 -0.271244 1.5446 1.4883 
1.2897 -0.271657 1.5446 1.54132 
1.28603 -0.27387 1.5446 1.40444 
1.2835 -0.275761 1.5446 1.25963 
1.27852 -0.281655 1.5446 1.23532 
1.27471 -0.287607 1.5446 2.0857 
1.27077 -0.295732 1.5446 1.99463 
1.27383 -0.250477 1.5446 1.88324 
1.23813 -0.231332 1.53386 1.48894 
1.23341 -0.225318 1.52716 1.16465 
1.26173 -0.237386 1.5446 0.722372 
1.23742 -0.228046 1.5446 0.804144 
1.24084 -0.227644 1.5446 0.686199 
1.20773 -0.214122 1.51147 0.506875 
1.15982 -0.202515 1.45476 0.480298 
1.15586 -0.198401 1.47141 0.432676 
1.18654 -0.205325 1.48658 0.374147 
1.18818 -0.206073 1.49836 0.326836 
1.18909 -0.199956 1.53666 0.292235 
1.1959 -0.201315 1.49618 0.285187 
1.25942 -0.168111 1.5446 0.158628 
1.26025 -0.188323 1.51679 0.255775 
1.27096 -0.215761 1.51911 0.387982 
1.25876 -0.235272 1.5446 0.486649 
1.22945 -0.254857 1.52934 0.624101 
1.24569 -0.306209 1.5446 0.438684 
1.26849 -0.28347 1.50143 1.24519 
1.27042 -0.272885 1.5446 0.485707 
1.27647 -0.258771 1.5446 0.520158 
1.26395 -0.263764 1.5446 0.601751 
1.25301 -0.270478 1.5446 0.688985 
1.23254 -0.313886 1.5446 0.911939 
1.24579 -0.30552 1.5446 0.885897 
1.28358 -0.284473 1.5446 1.23662 
1.29147 -0.265352 1.5446 1.44636 
1.31291 -0.257809 1.52511 2.0857 
1.31867 -0.25147 1.45802 2.0857 
1.32112 -0.244028 1.4961 2.0857 
1.30098 -0.265432 1.47559 2.0857 
1.29445 -0.266417 1.40869 2.0857 
1.28821 -0.267202 1.44761 2.0857 
1.28156 -0.272967 1.46738 2.02227 
1.27897 -0.278213 1.50023 1.87617 
1.28233 -0.276472 1.49596 1.79776 
1.29958 -0.225323 1.42533 1.75864 
1.24855 -0.188189 1.418 1.05986 
1.21466 -0.169751 1.41651 0.74951 
1.20529 -0.163825 1.41538 0.601181 
1.19365 -0.159485 1.41909 0.514309 
1.20794 -0.165098 1.45048 0.467985 
1.18271 -0.139292 1.49512 0.303095 
1.14844 -0.121536 1.47885 0.239924 
1.13489 -0.127789 1.40627 0.339786 
1.13249 -0.132114 1.39372 0.293328 
1.15676 -0.139278 1.48034 0.238001 
1.17873 -0.145315 1.45928 0.212989 
1.18056 -0.144312 1.47116 0.196618 
1.1903 -0.144966 1.46542 0.160779 
1.19195 -0.14508 1.45875 0.138317 
1.18926 -0.146266 1.43671 0.129821 
1.1978 -0.135866 1.45576 0.109485 
1.14438 -0.0609762 1.4216 0.0912403 
1.13064 -0.114376 1.47331 0.0175478 
1.12172 -0.123283 1.43936 0.0282876 
1.17246 -0.19434 1.51577 0.169934 
1.20192 -0.222255 1.5446 0.279041 
1.22099 -0.225161 1.5446 0.397765 
1.21345 -0.230998 1.54862 0.451614 
1.17216 -0.239837 1.5446 0.277382 
1.07838 -0.204408 1.43968 0.231853 
1.04486 -0.209519 1.42683 0.238598 
1.03324 -0.188035 1.3989 0.229115 
1.00693 -0.168884 1.36078 0.23144 
1.01862 -0.160113 1.33494 0.28274 
1.03455 -0.19197 1.3372 0.351839 
1.14132 -0.227265 1.5116 0.430632 
1.36238 -0.0762242 1.5446 2.0857 
1.16286 -0.162693 1.5446 2.0857 
1.18474 -0.165057 1.5446 2.0857 
1.21074 -0.246146 1.5446 1.4373 
1.27747 -0.271272 1.5446 1.15149 
1.27061 -0.263506 1.5346 0.88135 
1.20989 -0.224518 1.34406 1.18547 
1.14345 -0.19394 1.37337 0.555335 
1.09218 -0.160961 1.357 0.430824 
1.00273 -0.118412 1.28136 0.295708 
0.967242 -0.0860682 1.22691 0.239131 
0.958417 -0.0637666 1.25574 0.170962 
0.96412 -0.063513 1.29679 0.149476 
0.975133 -0.0728309 1.29286 0.154554 
0.973953 -0.0812098 1.31175 0.161237 
0.971669 -0.0823431 1.30758 0.15099 
0.973225 -0.0878078 1.32502 0.138773 
0.980202 -0.0849065 1.32824 0.123144 
0.985541 -0.067736 1.19869 0.15591 
1.05545 -0.0614879 1.24864 0.112402 
1.0496 -0.0913714 1.26862 0.121723 
1.04163 -0.10564 1.30408 0.106781 
1.05433 -0.10707 1.40084 0.0903832 
1.20299 -0.0756697 1.44333 0.0494566 
1.186 -0.0887555 1.4063 0.0516333 
1.24044 -0.0877617 1.39845 0.0359329 
1.21697 -0.02196 1.35623 0.0415586 
1.22909 -0.15214 1.44985 0.0789954 
1.22231 -0.183296 1.52108 0.152242 
1.21582 -0.186196 1.50433 0.205201 
1.23208 -0.200584 1.5446 0.278699 
1.23303 -0.190941 1.52945 0.33507 
1.22787 -0.189839 1.53371 0.217472 
1.22143 -0.179266 1.51731 0.219398 
1.21105 -0.19418 1.52005 0.26873 
1.20057 -0.194261 1.53544 0.28157 
1.16681 -0.18233 1.48266 0.29504 
1.14137 -0.169832 1.44046 0.345388 
1.13529 -0.168934 1.42313 0.380293 
1.1082 -0.161611 1.44108 0.352656 
1.09845 -0.167343 1.39428 0.363925 
1.06231 -0.15402 1.38244 0.368292 
1.07635 -0.194488 1.33969 0.626911 
1.15187 -0.23558 1.46818 0.683177 
1.14296 -0.267633 1.4532 0.944791 
1.13389 -0.271179 1.46461 0.989619 
1.11476 -0.282548 1.44447 1.1409 
1.1814 -0.293477 1.45438 1.39646 
1.22208 -0.322031 1.43615 2.02583 
1.22938 -0.316131 1.39145 2.01215 
1.24074 -0.297945 1.41803 2.0857 
1.23872 -0.297824 1.40142 2.0857 
1.25034 -0.29587 1.5446 1.83427 
1.25736 -0.288966 1.5446 1.73528 
1.31193 -0.255682 1.48614 2.0857 
1.28175 -0.281157 1.48729 2.07252 
1.27678 -0.285026 1.5446 1.94339 
1.27249 -0.287718 1.51343 2.05036 
1.27215 -0.288409 1.5446 1.49918 
1.27207 -0.286805 1.5446 1.20678 
1.26438 -0.276569 1.5446 1.20018 
1.25719 -0.286288 1.5446 1.466 
1.24625 -0.27522 1.54211 1.36207 
1.20623 -0.259204 1.4571 1.22475 
1.11067 -0.255632 1.48265 0.693393 
1.09231 -0.226479 1.44581 0.614764 
1.0947 -0.166342 1.36471 0.572832 
1.10754 -0.141958 1.3584 0.454175 
1.10507 -0.123981 1.33543 0.431774 
1.0836 -0.104022 1.32356 0.313185 
1.08723 -0.113005 1.3362 0.292209 
1.08288 -0.114678 1.32876 0.241406 
1.087 -0.11325 1.30619 0.315081 
1.09047 -0.100757 1.34068 0.226037 
1.10949 -0.102698 1.33718 0.201789 
1.12646 -0.107189 1.39689 0.170385 
1.16069 -0.112326 1.4226 0.145813 
1.1861 -0.116199 1.41694 0.138693 
1.18975 -0.103882 1.39326 0.118484 
1.19757 -0.0834741 1.37772 0.0652067 
1.19749 -0.0864574 1.41805 0.075244 
1.18977 -0.0978615 1.46582 0.10771 
1.19402 -0.124365 1.45619 0.186949 
1.25293 -0.139419 1.49788 0.262369 
1.24046 -0.133949 1.46547 0.369433 
1.24125 -0.146793 1.46021 0.246245 
1.23969 -0.161195 1.48111 0.275341 
1.25585 -0.179669 1.50345 0.355554 
1.26676 -0.175025 1.51955 0.417256 
1.16679 -0.163828 1.44715 0.322698 
1.18935 -0.148824 1.45553 0.331095 
1.12042 -0.153688 1.39953 0.350649 
1.07676 -0.151258 1.32267 0.376376 
1.02433 -0.125286 1.2714 0.407326 
1.09058 -0.199988 1.42976 0.607291 
1.13332 -0.209506 1.4923 0.698238 
1.1228 -0.196829 1.46647 0.816815 
1.12158 -0.19476 1.52917 0.871647 
1.17335 -0.237286 1.5446 0.880517 
1.19211 -0.278991 1.52815 1.43744 
1.1958 -0.301559 1.41277 1.98326 
1.21743 -0.288971 1.39053 2.0857 
1.21919 -0.289254 1.35539 2.0857 
1.21201 -0.290745 1.35451 2.0857 
1.20229 -0.292163 1.5446 0.999133 
1.19289 -0.288234 1.5446 0.90281 
1.25862 -0.231505 1.5446 1.15104 
1.24307 -0.24917 1.5446 1.2406 
1.27064 -0.264053 1.5446 1.27436 
1.2592 -0.265605 1.5446 1.77793 
1.23639 -0.254302 1.42233 2.0857 
1.2581 -0.247868 1.48577 1.99586 
1.25594 -0.231484 1.42071 1.74665 
1.26738 -0.233138 1.49721 1.68196 
1.26247 -0.220659 1.45312 1.40928 
1.23237 -0.183141 1.39571 0.951961 
1.21128 -0.163729 1.34756 0.906352 
1.20365 -0.12757 1.41706 0.349556 
1.17763 -0.111799 1.41415 0.210641 
1.12975 -0.0925454 1.33266 0.140627 
1.10847 -0.085857 1.27602 0.10476 
1.1143 -0.101645 1.2154 0.14841 
1.1439 -0.128085 1.31116 0.15418 
1.1336 -0.115978 1.34825 0.127152 
1.13096 -0.113125 1.30065 0.0987206 
1.1431 -0.113497 1.32188 0.0825704 
1.17187 -0.0908032 1.31917 0.0535618 
1.17086 -0.0985757 1.31252 0.0491713 
1.21215 -0.101786 1.3438 0.048268 
1.27917 -0.144919 1.44288 0.110063 
1.28012 -0.151815 1.46495 0.135321 
1.28688 -0.159681 1.5446 0.168153 
1.28417 -0.164251 1.5446 0.219409 
1.26808 -0.181678 1.5446 0.300927 
1.14044 -0.205916 1.32146 0.169835 
1.09829 -0.196589 1.3938 0.214284 
1.07789 -0.187604 1.38572 0.23163 
1.09741 -0.184421 1.40371 0.265003 
1.13605 -0.187533 1.44971 0.309334 
1.19742 -0.249885 1.5446 0.462631 
1.21549 -0.234512 1.53808 0.519568 
1.22873 -0.21553 1.52171 0.57705 
1.25553 -0.266744 1.5446 0.773682 
1.24119 -0.299824 1.5446 1.00622 
1.24359 -0.295523 1.5446 0.951404 
1.31003 -0.153851 1.50553 0.846606 
1.2899 -0.12103 1.45709 0.920497 
1.29085 -0.135664 1.51891 0.991296 
1.34655 -0.175757 1.5446 1.3125 
1.21168 -0.189555 1.5446 2.0857 
1.19848 -0.214529 1.5446 2.0857 
1.18935 -0.225763 1.5446 2.0857 
1.19209 -0.240008 1.5446 2.0857 
1.19785 -0.262969 1.5446 2.0857 
1.22254 -0.323442 1.5446 2.0857 
1.23148 -0.336696 1.5446 2.0857 
1.22443 -0.3416 1.5446 2.0857 
1.20613 -0.360809 1.5446 1.80251 
1.19201 -0.377298 1.5446 1.68135 
1.16701 -0.399001 1.5446 1.42881 
1.14683 -0.366171 1.5446 0.849655 
1.14497 -0.367997 1.5446 0.855127 
1.16349 -0.349125 1.47361 1.42044 
1.21982 -0.330456 1.5446 1.56581 
1.24413 -0.324 1.5446 1.49683 
1.26395 -0.306815 1.5446 1.30693 
1.35214 -0.208133 1.5446 1.29106 
1.31359 -0.181821 1.49431 0.686321 
1.20931 -0.137293 1.34507 0.418775 
1.11556 -0.111174 1.30836 0.335115 
1.0763 -0.0959023 1.24157 0.244595 
1.09967 -0.115379 1.28081 0.211323 
1.10441 -0.118218 1.28196 0.174563 
1.11546 -0.120071 1.3542 0.149321 
1.1786 -0.103626 1.39011 0.102192 
1.25856 -0.0887246 1.36866 0.0770283 
1.24039 -0.0985211 1.39507 0.0682251 
1.21654 -0.110662 1.39976 0.0698384 
1.19072 -0.115664 1.35385 0.0633254 
1.18421 -0.125098 1.3325 0.0618329 
1.23573 -0.114027 1.35308 0.0456289 
1.23478 -0.123558 1.39874 0.0677231 
1.23012 -0.120862 1.37256 0.0722203 
1.22387 -0.118175 1.36845 0.0770004 
1.22952 -0.110098 1.44905 0.0730686 
1.22982 -0.109491 1.43214 0.0926703 
1.2264 -0.109151 1.39334 0.126144 
1.20869 -0.0976621 1.39613 0.136164 
1.14466 -0.129803 1.36327 0.124603 
1.1053 -0.154341 1.38571 0.177229 
1.06535 -0.166205 1.36738 0.2213 
1.03417 -0.153114 1.34227 0.240013 
0.975577 -0.15998 1.3133 0.28926 
0.971649 -0.203441 1.35378 0.360636 
0.959269 -0.187784 1.395 0.340577 
0.948623 -0.182634 1.3149 0.454552 
0.936477 -0.182834 1.35527 0.526755 
0.972297 -0.239151 1.49949 0.484398 
1.00941 -0.259145 1.49703 0.637384 
1.00096 -0.228992 1.43374 0.816112 
1.0205 -0.189773 1.4575 0.756171 
1.19971 -0.332905 1.5446 1.12379 
1.2295 -0.316497 1.5446 1.19631 
1.27286 -0.279238 1.48686 1.47515 
1.31076 -0.25307 1.54328 1.73459 
1.32247 -0.246337 1.5446 1.74178 
1.32872 -0.241342 1.5446 1.94252 
1.32751 -0.242351 1.5446 2.0857 
1.34236 -0.224011 1.51883 2.0857 
1.34522 -0.218684 1.5446 2.0857 
1.346 -0.216037 1.5446 2.0857 
1.3388 -0.226884 1.5446 2.0857 
1.32979 -0.239637 1.5446 2.0857 
1.30957 -0.261158 1.5446 2.0857 
1.29683 -0.273649 1.5446 2.0857 
1.26718 -0.298821 1.5446 2.0857 
1.19066 -0.340225 1.48411 2.01004 
1.16722 -0.338859 1.48404 1.49216 
1.15612 -0.286286 1.33237 1.86906 
1.1085 -0.2607 1.32533 1.4929 
1.08306 -0.260479 1.35026 1.04413 
1.08287 -0.237559 1.34858 0.857523 
1.09992 -0.195528 1.33348 0.786989 
1.05135 -0.102996 1.30484 0.346238 
1.04193 -0.0909202 1.25805 0.334035 
1.08227 -0.127487 1.33589 0.303104 
1.10134 -0.137971 1.33381 0.2499 
1.10163 -0.142379 1.3287 0.230511 
1.1016 -0.138244 1.33548 0.212583 
1.09895 -0.132969 1.31723 0.197246 
1.10684 -0.132428 1.36845 0.178939 
1.12672 -0.132757 1.41694 0.153779 
1.18293 -0.130768 1.40077 0.138416 
1.235 -0.118002 1.43884 0.115537 
1.24937 -0.119174 1.40541 0.105967 
1.26257 -0.118053 1.44729 0.09904 
1.24221 -0.128134 1.41414 0.100501 
1.23144 -0.131327 1.45869 0.0985657 
1.24324 -0.120048 1.40418 0.0911847 
1.24098 -0.125675 1.45804 0.0939643 
1.25258 -0.123873 1.44924 0.095378 
1.23899 -0.1225 1.42883 0.0969615 
1.22845 -0.12445 1.39181 0.104472 
1.2209 -0.12845 1.43944 0.127026 
1.22522 -0.129819 1.41004 0.142718 
1.20611 -0.164157 1.40042 0.203332 
1.19325 -0.171653 1.41582 0.160782 
1.18021 -0.188665 1.42726 0.201943 
1.16539 -0.185803 1.43522 0.244512 
1.15567 -0.185767 1.46719 0.244327 
1.1543 -0.152001 1.46771 0.226187 
1.11793 -0.17643 1.47361 0.324302 
1.09694 -0.257348 1.51744 0.5099 
1.05228 -0.261517 1.49447 0.558207 
1.02527 -0.267694 1.49333 0.651646 
1.01887 -0.258897 1.46214 0.795186 
1.28837 -0.279075 1.5446 1.41799 
1.29092 -0.270299 1.5446 1.61734 
1.21517 -0.285632 1.5446 1.61295 
1.21065 -0.297103 1.5446 1.76057 
1.23105 -0.28423 1.5446 1.8903 
1.25556 -0.29936 1.5446 2.01307 
1.26962 -0.287819 1.5446 2.0857 
1.26845 -0.294812 1.5446 1.74743 
1.27807 -0.286359 1.5446 2.0857 
1.26981 -0.298577 1.5446 2.0857 
1.24868 -0.321766 1.5446 1.8876 
1.23868 -0.332103 1.5446 1.4882 
1.24746 -0.32265 1.5446 1.28357 
1.24959 -0.321179 1.5446 1.55834 
1.28412 -0.285516 1.5446 1.3011 
1.3298 -0.211027 1.5446 0.815167 
1.34827 -0.167975 1.54844 0.579354 
1.31273 -0.133547 1.501 0.329581 
1.17885 -0.0807334 1.37001 0.166944 
1.18175 -0.0773102 1.32713 0.15968 
1.20428 -0.0878066 1.34197 0.136541 
1.2062 -0.104093 1.3385 0.137622 
1.20391 -0.104975 1.31921 0.119491 
1.20944 -0.116554 1.35725 0.111766 
1.21858 -0.115067 1.41766 0.104583 
1.21152 -0.127551 1.4013 0.109587 
1.23452 -0.127475 1.38725 0.112951 
1.24162 -0.126622 1.38868 0.114925 
1.24853 -0.131115 1.43716 0.124773 
1.25288 -0.133316 1.4153 0.133409 
1.25415 -0.134918 1.48198 0.150569 
1.24776 -0.136164 1.4577 0.168922 
1.23997 -0.137762 1.43612 0.214994 
1.156 -0.132568 1.30474 0.258478 
1.12896 -0.146572 1.23685 0.140681 
1.13865 -0.147125 1.25996 0.145324 
1.13018 -0.153076 1.39515 0.212233 
1.10778 -0.156029 1.38431 0.243549 
1.09223 -0.160297 1.3871 0.270869 
1.15695 -0.210499 1.49533 0.401237 
1.16367 -0.231896 1.52449 0.488369 
1.16924 -0.33019 1.5446 0.731673 
1.14937 -0.331394 1.5446 0.872066 
1.12335 -0.349358 1.5446 0.961227 
1.15933 -0.30608 1.5446 1.0941 
1.11443 -0.307117 1.53934 1.16323 
1.10787 -0.304535 1.52871 1.22568 
1.20333 -0.321057 1.5446 1.59207 
1.1957 -0.349224 1.5446 1.71876 
1.22222 -0.33721 1.5446 2.00737 
1.30992 -0.260845 1.5446 2.0857 
1.34064 -0.226347 1.46298 2.0857 
1.27486 -0.290124 1.5446 2.0857 
1.26161 -0.304198 1.5446 2.0857 
1.2508 -0.31541 1.5446 2.0857 
1.22815 -0.328243 1.5446 2.0857 
1.22543 -0.345313 1.5446 2.0857 
1.2265 -0.343715 1.5446 2.0857 
1.22494 -0.345345 1.5446 2.0857 
1.19849 -0.367983 1.5446 2.0857 
1.30542 -0.253559 1.4299 2.0857 
1.31468 -0.227007 1.32751 2.0857 
1.25913 -0.284324 1.48398 2.0857 
1.23425 -0.317851 1.5446 1.89527 
1.25693 -0.288457 1.5446 1.02184 
1.36792 -0.189386 1.5446 1.87991 
1.33282 -0.227997 1.5446 1.24948 
1.30397 -0.166631 1.47909 0.778834 
1.24322 -0.160189 1.52283 0.836535 
1.22832 -0.165768 1.43753 0.655465 
1.19675 -0.153204 1.41667 0.299012 
1.20331 -0.17399 1.44817 0.445635 
1.18921 -0.180236 1.36259 0.36591 
1.19552 -0.179962 1.41215 0.315296 
1.18044 -0.172994 1.37371 0.279501 
1.16496 -0.168771 1.33311 0.224468 
1.16434 -0.14973 1.30697 0.187831 
1.17378 -0.149973 1.3846 0.17766 
1.17175 -0.162091 1.42561 0.170484 
1.18544 -0.167889 1.42613 0.170975 
1.18625 -0.172032 1.378 0.166393 
1.19503 -0.176132 1.4324 0.169722 
1.19833 -0.174358 1.4301 0.172261 
1.20525 -0.163083 1.4739 0.17505 
1.20368 -0.167685 1.43659 0.184246 
1.20232 -0.170148 1.43024 0.202049 
1.20401 -0.17141 1.46558 0.227529 
1.20499 -0.185784 1.48888 0.278378 
1.22674 -0.173113 1.45609 0.335643 
1.22787 -0.181916 1.46047 0.43486 
1.21663 -0.196051 1.46984 0.539132 
1.2111 -0.201675 1.51713 0.281496 
1.21092 -0.185504 1.48921 0.26211 
1.2038 -0.17908 1.44418 0.273693 
1.19917 -0.197172 1.44459 0.355199 
1.21468 -0.179164 1.47354 0.379064 
1.2397 -0.239445 1.53902 0.576915 
1.21909 -0.268139 1.54842 0.716922 
1.1755 -0.266273 1.47769 0.843498 
1.32891 -0.22324 1.54728 2.0857 
1.00911 -0.0874029 1.5446 2.0857 
1.03657 -0.140598 1.5446 2.0857 
1.14854 -0.415741 1.5446 2.0857 
1.24021 -0.314126 1.5446 2.0062 
1.24253 -0.290484 1.5446 2.0857 
1.2425 -0.304792 1.52497 2.0857 
1.25894 -0.288033 1.48799 2.0857 
1.26747 -0.279252 1.53807 2.0857 
1.26349 -0.254562 1.5446 2.0857 
1.25115 -0.26637 1.5446 2.0857 
1.23848 -0.288809 1.5446 2.0857 
1.24792 -0.292625 1.5446 2.0857 
1.23705 -0.310523 1.5446 2.0857 
1.22961 -0.311303 1.5446 2.0857 
1.22947 -0.300418 1.5446 2.0857 
1.25667 -0.312788 1.5446 2.0857 
1.23959 -0.328787 1.5446 1.49495 
1.21703 -0.337731 1.53444 1.72415 
1.17661 -0.30246 1.50452 1.01668 
1.15784 -0.285953 1.44355 1.04299 
1.16126 -0.290212 1.43219 1.0994 
1.1552 -0.206899 1.42212 0.756029 
1.14655 -0.155471 1.38649 0.532805 
1.1583 -0.139758 1.35078 0.457734 
1.14197 -0.10882 1.31096 0.316818 
1.09417 -0.0795602 1.27244 0.233427 
1.05122 -0.0794972 1.24986 0.332259 
1.05808 -0.0754426 1.19991 0.246664 
1.08849 -0.0766591 1.24808 0.21902 
1.12203 -0.0887381 1.26807 0.189338 
1.18685 -0.0984351 1.34408 0.16914 
1.22516 -0.108917 1.39285 0.1646 
1.20003 -0.113994 1.39111 0.157953 
1.22372 -0.119139 1.36056 0.146941 
1.26124 -0.13397 1.43097 0.157497 
1.26482 -0.140522 1.45159 0.153964 
1.25682 -0.139683 1.43149 0.147529 
1.23039 -0.140852 1.43861 0.149245 
1.22154 -0.145556 1.39807 0.157517 
1.22965 -0.157279 1.44361 0.17912 
1.22879 -0.158257 1.45474 0.193603 
1.23049 -0.163163 1.463 0.221398 
1.23606 -0.172202 1.4687 0.265911 
1.24539 -0.159862 1.4305 0.304938 
1.22607 -0.1722 1.443 0.203203 
1.20428 -0.179717 1.43653 0.225255 
1.20541 -0.16645 1.42268 0.237866 
1.24601 -0.212266 1.49128 0.340826 
1.23368 -0.172521 1.44713 0.318014 
1.19413 -0.143904 1.40684 0.32134 
1.16892 -0.243982 1.53141 0.466965 
1.15259 -0.29804 1.5446 0.637761 
1.14624 -0.308218 1.5446 0.644666 
1.16188 -0.269723 1.5446 0.669762 
1.11799 -0.277854 1.52616 0.805228 
1.11605 -0.260801 1.49653 0.825413 
1.09788 -0.280609 1.43171 0.732055 
1.11998 -0.287002 1.44304 0.90621 
1.13397 -0.296624 1.4339 0.926976 
1.14211 -0.298417 1.44878 1.19156 
1.15123 -0.301434 1.48322 1.13034 
1.18053 -0.31585 1.5446 1.30291 
1.20031 -0.330342 1.5446 1.50907 
1.2075 -0.337621 1.41664 2.0857 
1.20465 -0.3402 1.44394 2.0857 
1.2026 -0.343396 1.35401 2.0857 
1.21418 -0.341068 1.40461 2.0857 
1.16647 -0.398221 1.5446 2.0857 
1.15441 -0.393669 1.5446 1.94662 
1.185 -0.35828 1.5446 2.07597 
1.18344 -0.376062 1.5446 2.0857 
1.19196 -0.377981 1.5446 1.98873 
1.19949 -0.365537 1.5308 1.72798 
1.1941 -0.362684 1.53822 1.32779 
1.18788 -0.355537 1.5446 1.08533 
1.17759 -0.35162 1.5446 0.947782 
1.17992 -0.340675 1.5446 0.800323 
1.18432 -0.293519 1.50424 0.961092 
1.20114 -0.217762 1.47838 0.785826 
1.17762 -0.186523 1.47028 0.493842 
1.2024 -0.18863 1.46285 0.415558 
1.18451 -0.1786 1.46436 0.400677 
1.13141 -0.141438 1.38343 0.27698 
1.14371 -0.148002 1.3975 0.292529 
1.13232 -0.13713 1.34185 0.224798 
1.13116 -0.128211 1.32424 0.188318 
1.12999 -0.126208 1.32356 0.17485 
1.13959 -0.126897 1.34294 0.163335 
1.15629 -0.133715 1.34794 0.153764 
1.17187 -0.136546 1.36425 0.143389 
1.26863 -0.230138 1.5446 0.260768 
1.27384 -0.232484 1.5446 0.29808 
1.27037 -0.2272 1.5446 0.32317 
1.26651 -0.222276 1.5446 0.359045 
1.14502 -0.188743 1.41477 0.228311 
1.11305 -0.171453 1.4005 0.219537 
1.097 -0.165082 1.37501 0.229042 
1.09741 -0.172019 1.3848 0.249106 
1.10305 -0.178188 1.3868 0.265556 
1.11002 -0.17253 1.39054 0.288948 
1.10473 -0.176939 1.39569 0.329324 
1.11018 -0.186779 1.39987 0.381441 
1.09616 -0.211644 1.39864 0.460972 
1.16923 -0.22169 1.50903 0.584307 
1.27085 -0.238266 1.53834 0.814256 
1.32317 -0.244698 1.48668 1.95804 
1.31694 -0.238315 1.5446 2.0857 
1.28635 -0.260639 1.5446 2.0857 
1.2772 -0.285468 1.5446 1.95185 
1.26811 -0.297046 1.5446 1.94028 
1.26189 -0.298346 1.5446 2.00103 
1.25754 -0.300673 1.5446 1.89622 
1.26344 -0.305854 1.42512 2.0857 
1.27181 -0.294514 1.37715 2.0857 
1.26094 -0.30583 1.35413 2.0857 
1.25486 -0.312577 1.3676 2.0857 
1.26203 -0.304207 1.54689 1.92801 
1.26874 -0.297321 1.41268 2.0857 
1.22714 -0.310607 1.43499 2.0857 
1.20245 -0.305705 1.36312 2.0857 
1.20377 -0.30297 1.37416 2.0857 
1.20334 -0.305672 1.43253 2.08384 
1.18189 -0.318025 1.5446 1.70501 
1.15855 -0.326547 1.48652 1.72538 
1.1368 -0.331237 1.45672 1.528 
1.13594 -0.246794 1.39074 1.40531 
1.07056 -0.158546 1.28807 0.77863 
1.03818 -0.103269 1.24986 0.418758 
1.03979 -0.0924591 1.25456 0.337322 
1.06147 -0.0980802 1.30522 0.339283 
1.07614 -0.0987962 1.3109 0.269362 
1.10138 -0.115345 1.30362 0.273505 
1.11179 -0.12283 1.3227 0.23733 
1.11954 -0.130643 1.34406 0.235641 
1.11958 -0.136056 1.34227 0.220951 
1.16988 -0.182164 1.43047 0.249373 
1.16504 -0.170952 1.41293 0.210171 
1.20403 -0.177947 1.45941 0.210798 
1.22992 -0.180349 1.49682 0.202372 
1.25719 -0.231536 1.5446 0.322922 
1.25225 -0.240408 1.5446 0.363285 
1.24722 -0.245618 1.5446 0.475794 
1.2469 -0.251451 1.5446 0.306417 
1.2434 -0.254125 1.5446 0.362351 
1.24414 -0.25422 1.5446 0.398081 
1.23873 -0.254137 1.5446 0.411292 
1.23608 -0.250948 1.5446 0.45715 
1.24616 -0.245593 1.5446 0.490517 
1.23946 -0.239716 1.5446 0.523252 
1.17748 -0.33507 1.5446 0.715635 
1.16839 -0.345308 1.5446 0.833041 
1.20882 -0.274219 1.51307 0.867333 
1.18881 -0.28108 1.54516 0.963294 
1.17198 -0.29299 1.52667 0.961056 
1.17563 -0.265876 1.49757 1.0037 
1.18002 -0.324395 1.5446 0.847269 
1.16357 -0.307868 1.5446 1.00574 
1.15964 -0.305337 1.5446 1.00128 
1.15485 -0.293957 1.5446 0.969045 
1.17681 -0.297471 1.5446 1.06163 
1.21139 -0.28702 1.5446 1.20459 
1.24717 -0.291793 1.5446 1.85711 
1.30951 -0.260817 1.42222 2.0857 
1.29676 -0.256863 1.5446 2.0857 
1.2552 -0.273755 1.5446 2.0857 
1.22029 -0.293424 1.5446 2.0857 
1.22531 -0.299443 1.5446 1.91244 
1.2099 -0.347628 1.5446 1.68249 
1.2024 -0.363835 1.5446 1.6608 
1.18618 -0.380621 1.5446 1.64978 
1.17286 -0.396274 1.5446 1.5556 
1.18729 -0.36869 1.5446 1.4646 
1.24772 -0.266883 1.38664 2.0857 
1.22691 -0.282938 1.38543 2.0857 
1.21992 -0.310093 1.45668 2.02935 
1.21075 -0.338692 1.48742 2.031 
1.20629 -0.338787 1.49484 1.90348 
1.20919 -0.329899 1.48649 1.8066 
1.20585 -0.327424 1.5446 1.08099 
1.17004 -0.232698 1.3869 1.21829 
1.12197 -0.20166 1.36444 0.873619 
1.07018 -0.155638 1.41175 0.549574 
1.05284 -0.139737 1.39868 0.484732 
1.05189 -0.145254 1.37148 0.399019 
1.08479 -0.125319 1.37606 0.344634 
1.12387 -0.153571 1.41925 0.327414 
1.15446 -0.173153 1.40916 0.343528 
1.17468 -0.194158 1.40357 0.322948 
1.19716 -0.178483 1.44503 0.290073 
1.19174 -0.172095 1.43594 0.258164 
1.18883 -0.170541 1.45626 0.235325 
1.20087 -0.164384 1.41727 0.208374 
1.20395 -0.152891 1.43446 0.182359 
1.21432 -0.147425 1.46487 0.158667 
1.21699 -0.148713 1.43589 0.154833 
1.19125 -0.148738 1.38674 0.188559 
1.20635 -0.151699 1.47635 0.213533 
1.21711 -0.162086 1.46536 0.25247 
1.2238 -0.16343 1.43454 0.174356 
1.21907 -0.168219 1.45479 0.189276 
1.21362 -0.166244 1.45943 0.20596 
1.11255 -0.198626 1.3983 0.242887 
1.13573 -0.195846 1.418 0.268328 
1.14897 -0.160655 1.39802 0.241061 
1.19415 -0.229765 1.47154 0.369249 
1.21991 -0.242809 1.51271 0.437169 
1.2554 -0.243702 1.54264 0.577188 
1.26834 -0.25279 1.5446 0.70613 
1.23337 -0.270047 1.5446 0.757225 
1.24134 -0.274472 1.5446 0.875158 
1.24346 -0.269788 1.5446 0.990484 
1.25257 -0.281732 1.5446 1.03468 
1.22014 -0.33549 1.5446 1.16476 
1.20154 -0.360444 1.5446 1.23556 
1.20465 -0.338243 1.5446 1.27607 
1.2113 -0.333696 1.5446 1.46902 
1.21436 -0.323109 1.5446 1.54666 
1.25181 -0.298979 1.5446 2.0857 
1.25123 -0.307666 1.5446 2.0728 
1.25742 -0.312486 1.5446 2.0857 
1.25161 -0.317483 1.51562 2.0857 
1.16592 -0.383035 1.5446 2.0857 
1.17898 -0.375503 1.5446 2.0857 
1.18368 -0.36747 1.5446 2.0857 
1.18822 -0.357366 1.5446 2.0857 
1.18463 -0.346639 1.5446 2.0857 
1.19247 -0.345501 1.5446 2.0857 
1.26308 -0.307721 1.5446 2.0857 
1.27139 -0.288881 1.5446 2.0857 
1.23805 -0.291574 1.50156 1.95092 
1.23628 -0.299435 1.5446 1.70065 
1.24345 -0.294301 1.5446 1.49365 
1.16959 -0.0629414 1.31041 0.989113 
1.16098 -0.0723644 1.42192 0.30829 
1.18799 -0.0872199 1.3792 0.349891 
1.21217 -0.102169 1.3896 0.322333 
1.19437 -0.119853 1.3498 0.237316 
1.14367 -0.107704 1.33505 0.193023 
1.12758 -0.125966 1.33316 0.180436 
1.12738 -0.121991 1.32182 0.289329 
1.13909 -0.115411 1.36251 0.225119 
1.16435 -0.125442 1.38542 0.201107 
1.16532 -0.132264 1.39413 0.176755 
1.16719 -0.134998 1.39513 0.152182 
1.173 -0.136922 1.39326 0.140527 
1.17799 -0.145984 1.44319 0.141695 
1.25768 -0.138388 1.41796 0.126309 
1.25723 -0.127152 1.44223 0.151344 
1.18696 -0.197297 1.43997 0.258802 
1.15074 -0.227994 1.43252 0.330258 
1.16262 -0.203137 1.46818 0.361224 
1.17796 -0.175319 1.45729 0.203339 
1.1797 -0.160872 1.43812 0.206569 
1.17868 -0.152581 1.44776 0.210435 
1.17133 -0.132641 1.41134 0.218217 
1.14253 -0.136147 1.41054 0.259951 
1.21753 -0.167571 1.48974 0.376984 
1.2965 -0.199299 1.5446 0.548193 
1.20696 -0.273375 1.5446 0.665054 
1.15515 -0.290517 1.5446 0.721566 
1.18693 -0.271091 1.5446 0.857249 
1.1861 -0.255033 1.54807 0.967094 
1.17052 -0.254005 1.53596 1.05334 
1.22584 -0.285152 1.5446 1.64331 
1.23623 -0.286663 1.5446 2.0857 
1.24224 -0.278686 1.5446 2.0857 
1.3083 -0.26138 1.5446 2.07823 
1.31004 -0.255118 1.5446 2.0857 
1.30804 -0.250315 1.43473 2.0857 
1.29871 -0.258636 1.43138 2.0857 
1.29419 -0.261871 1.43644 2.0857 
1.29425 -0.2714 1.44995 2.0857 
1.29144 -0.275518 1.53193 2.0857 
1.29064 -0.279976 1.47432 2.0857 
1.27894 -0.29093 1.46905 2.0857 
1.26747 -0.299184 1.5446 2.0857 
1.25971 -0.296356 1.5446 2.0857 
1.24923 -0.307093 1.5446 2.0857 
1.25442 -0.30572 1.5446 2.0857 
1.2537 -0.308748 1.5446 2.0857 
1.23742 -0.320875 1.5446 2.0857 
1.23982 -0.32405 1.5446 1.88576 
1.1687 -0.195061 1.37461 1.56825 
1.16503 -0.193965 1.43095 0.86126 
1.1098 -0.103139 1.3653 0.368257 
1.06951 0.0109303 1.27349 0.258303 
1.12566 -0.0389853 1.3289 0.24314 
1.15532 -0.0834116 1.33974 0.299665 
1.16489 -0.107205 1.35212 0.230437 
1.16166 -0.10066 1.31004 0.214042 
1.1512 -0.0871533 1.2994 0.186616 
1.14461 -0.0920871 1.31336 0.179857 
1.15083 -0.106861 1.28929 0.17725 
1.15629 -0.111961 1.30792 0.15149 
1.27724 -0.119704 1.38679 0.118845 
1.27223 -0.119949 1.37149 0.12523 
1.26859 -0.120289 1.36707 0.132271 
1.2389 -0.125706 1.35243 0.13846 
1.22039 -0.128371 1.35224 0.147841 
1.2057 -0.13217 1.34287 0.136714 
1.193 -0.136195 1.35535 0.148398 
1.19804 -0.139468 1.35883 0.175187 
1.18471 -0.141498 1.36775 0.199363 
1.17757 -0.140539 1.39032 0.217969 
1.18638 -0.119457 1.39025 0.246808 
1.1687 -0.127712 1.3944 0.294352 
1.15572 -0.144438 1.42289 0.337552 
1.16464 -0.178908 1.46402 0.45605 
1.15323 -0.276764 1.53844 0.769771 
1.09577 -0.251152 1.47541 0.785732 
1.0989 -0.244518 1.45885 0.826657 
1.08981 -0.245603 1.45004 0.896108 
1.18187 -0.236418 1.4243 1.13126 
1.27313 -0.239605 1.5446 0.93153 
1.2831 -0.238019 1.5446 1.11711 
1.29886 -0.237829 1.5446 1.76529 
1.29387 -0.24983 1.5446 1.744 
1.27691 -0.268812 1.5446 1.67877 
1.26441 -0.287229 1.5446 1.95586 
1.27096 -0.277728 1.3088 2.0857 
1.27074 -0.280038 1.29586 2.0857 
1.26607 -0.285218 1.33324 2.0857 
1.24207 -0.323906 1.39869 2.0857 
1.2297 -0.333511 1.5446 2.0857 
1.21941 -0.325971 1.5446 2.0857 
1.22419 -0.320485 1.5446 2.0857 
1.24587 -0.287219 1.5446 2.0857 
1.23855 -0.329789 1.5446 2.0857 
1.22669 -0.343622 1.5446 2.0857 
1.22411 -0.345746 1.5446 1.87376 
1.22187 -0.348236 1.5446 2.0857 
1.2174 -0.352168 1.5446 2.0857 
1.22168 -0.339261 1.5446 2.08232 
1.20575 -0.295434 1.49393 1.98902 
1.18726 -0.265968 1.40959 1.70623 
1.18752 -0.269546 1.4653 1.38535 
1.1853 -0.249268 1.49943 0.864477 
1.19295 -0.233923 1.51029 0.694285 
1.19787 -0.222591 1.4702 0.825281 
1.20635 -0.194266 1.44884 0.741478 
1.20982 -0.161736 1.34459 0.822823 
1.21124 -0.133294 1.38151 0.60621 
1.20485 -0.121041 1.42674 0.356966 
1.1679 -0.13378 1.44296 0.270605 
1.09631 -0.104477 1.41795 0.18329 
1.07695 -0.0969391 1.42824 0.147735 
1.08716 -0.0989835 1.32417 0.216019 
1.09862 -0.10272 1.32517 0.189696 
1.12044 -0.116961 1.32202 0.16634 
1.13084 -0.131197 1.33906 0.157113 
1.1455 -0.136966 1.3595 0.159718 
1.22901 -0.155832 1.41506 0.167291 
1.2658 -0.150282 1.43624 0.162109 
1.28732 -0.141512 1.50547 0.156371 
1.30214 -0.142385 1.5446 0.155398 
1.27854 -0.148793 1.54194 0.15759 
1.25357 -0.149413 1.47755 0.154139 
1.25364 -0.156696 1.52334 0.170543 
1.25032 -0.157739 1.49503 0.176906 
1.25107 -0.154154 1.46369 0.191699 
1.2646 -0.156098 1.4973 0.201834 
1.2731 -0.153423 1.5446 0.243951 
1.27678 -0.151323 1.532 0.27431 
1.27463 -0.156831 1.51785 0.30096 
1.21666 -0.186867 1.49429 0.244127 
1.15164 -0.179597 1.44215 0.251564 
1.12022 -0.181377 1.44574 0.251961 
1.1032 -0.182017 1.41353 0.261571 
1.14522 -0.170999 1.45804 0.271553 
1.13994 -0.183178 1.44412 0.314983 
1.16798 -0.217764 1.51301 0.415246 
1.19804 -0.225167 1.53101 0.47966 
1.21112 -0.272441 1.5446 0.588184 
1.28328 -0.224383 1.5446 0.662784 
1.2484 -0.268144 1.5446 0.796873 
1.2802 -0.289379 1.5446 1.16623 
1.23452 -0.32727 1.5446 1.16793 
1.25893 -0.294708 1.5446 1.56706 
1.24826 -0.320135 1.5446 1.75278 
1.25007 -0.320606 1.43464 2.0857 
1.18335 -0.355641 1.5446 2.08367 
1.19364 -0.333825 1.5446 2.0857 
1.20311 -0.292919 1.5446 2.0857 
1.20496 -0.272439 1.5446 2.0857 
1.20527 -0.267473 1.5446 2.0857 
1.19656 -0.27782 1.5446 2.0857 
1.21917 -0.294008 1.5446 2.0857 
1.23234 -0.287342 1.5446 2.0857 
1.24681 -0.303515 1.5446 1.9851 
1.24901 -0.301654 1.5446 2.0857 
1.26442 -0.304069 1.5446 2.0857 
1.25292 -0.315056 1.5446 2.0857 
1.24649 -0.31941 1.5446 2.0857 
1.25265 -0.316766 1.5446 2.03394 
1.26779 -0.302997 1.5446 1.93981 
1.30182 -0.23105 1.5259 1.79356 
1.27272 -0.208907 1.46485 1.35434 
1.28039 -0.209041 1.47134 1.30228 
1.2982 -0.197038 1.52069 0.946438 
1.30947 -0.202897 1.53859 0.807797 
1.21878 -0.184349 1.5446 0.645682 
1.16404 -0.162224 1.46561 0.353123 
1.11014 -0.15905 1.45204 0.268457 
1.12244 -0.171502 1.35953 0.343789 
1.13401 -0.167106 1.41004 0.31959 
1.14225 -0.155894 1.42208 0.262983 
1.15443 -0.143413 1.44427 0.228733 
1.16561 -0.143207 1.3798 0.193922 
1.17733 -0.139898 1.39936 0.171703 
1.18556 -0.145233 1.43957 0.156107 
1.1981 -0.147346 1.42133 0.152231 
1.20377 -0.148433 1.45592 0.146296 
1.20807 -0.148739 1.44904 0.140649 
1.21014 -0.151089 1.462 0.137602 
1.21266 -0.143311 1.4485 0.128882 
1.21862 -0.148513 1.46508 0.135266 
1.22193 -0.143887 1.48952 0.131482 
1.21651 -0.142393 1.5063 0.140489 
1.21803 -0.135793 1.4633 0.136072 
1.22944 -0.139033 1.53477 0.152479 
1.24033 -0.137626 1.50542 0.181837 
1.2371 -0.146673 1.49764 0.208002 
1.25638 -0.128858 1.45432 0.219189 
1.25722 -0.143158 1.46057 0.301195 
1.23702 -0.148852 1.44204 0.419323 
1.20822 -0.142868 1.36623 0.160261 
1.19566 -0.150462 1.4265 0.220864 
1.18647 -0.166304 1.43944 0.244703 
1.1948 -0.144537 1.43384 0.244444 
1.17868 -0.129843 1.38083 0.270964 
1.19675 -0.148989 1.43059 0.346923 
1.22634 -0.183744 1.49563 0.457549 
1.19443 -0.237958 1.5446 0.596178 
1.18735 -0.238641 1.5428 0.748421 
1.22402 -0.229871 1.5446 0.755392 
1.24061 -0.254534 1.54576 1.15023 
1.21436 -0.277362 1.54316 1.11443 
1.21859 -0.290764 1.5446 1.18504 
1.22112 -0.298021 1.5446 1.37405 
1.20966 -0.294135 1.5446 1.28965 
1.22021 -0.30571 1.5446 1.4732 
1.25203 -0.3184 1.39531 2.0857 
1.24383 -0.324247 1.5446 1.75484 
1.27592 -0.25663 1.5446 2.0857 
1.25948 -0.275546 1.5446 2.0857 
1.24264 -0.288217 1.5446 2.0857 
1.23659 -0.296292 1.5446 2.0857 
1.23851 -0.296042 1.5446 2.0857 
1.2357 -0.327074 1.53994 2.0857 
1.24315 -0.326192 1.49231 2.0857 
1.23517 -0.335347 1.49983 2.0857 
1.23246 -0.337495 1.52545 2.0857 
1.22771 -0.343016 1.54488 2.03444 
1.22853 -0.342013 1.5446 1.85671 
1.22667 -0.341985 1.5446 1.65518 
1.23416 -0.333926 1.5446 1.75846 
1.23255 -0.328646 1.5446 1.64756 
1.22934 -0.305592 1.49619 1.42992 
1.25135 -0.244065 1.41601 1.1656 
1.21704 -0.15472 1.38452 0.636325 
1.23854 -0.152214 1.5446 0.848367 
1.25138 -0.134736 1.40429 0.266698 
1.25813 -0.141629 1.47083 0.247541 
1.24032 -0.155128 1.41753 0.404018 
1.1804 -0.141033 1.34984 0.318105 
1.17286 -0.130775 1.35627 0.255266 
1.20482 -0.150576 1.45023 0.251657 
1.22428 -0.157118 1.46054 0.236275 
1.234 -0.161371 1.47178 0.210285 
1.23556 -0.15807 1.42559 0.184621 
1.24036 -0.163963 1.44911 0.162719 
1.22613 -0.160038 1.4798 0.151374 
1.21584 -0.152357 1.4628 0.137511 
1.23653 -0.141486 1.41018 0.138352 
1.23852 -0.129132 1.39591 0.125519 
1.23539 -0.131338 1.41196 0.140604 
1.23789 -0.143978 1.41595 0.163276 
1.23264 -0.138245 1.39101 0.190001 
1.22959 -0.129783 1.36656 0.212799 
1.23346 -0.11943 1.38033 0.259358 
1.21222 -0.127204 1.40403 0.155274 
1.19754 -0.136274 1.42127 0.167553 
1.21487 -0.193012 1.48349 0.273251 
1.18485 -0.155098 1.42142 0.258279 
1.1695 -0.143766 1.43088 0.271197 
1.18586 -0.160346 1.44576 0.325498 
1.21487 -0.223043 1.54064 0.471745 
1.21021 -0.271682 1.5446 0.586835 
1.25038 -0.271761 1.5446 0.751851 
1.25523 -0.265631 1.5446 0.849439 
1.25022 -0.280749 1.5446 1.13539 
1.22774 -0.334121 1.5446 1.10727 
1.21772 -0.349675 1.5058 2.0857 
1.21568 -0.352252 1.5446 1.36646 
1.21624 -0.348929 1.5446 1.33488 
1.2178 -0.345152 1.5446 1.25243 
1.21321 -0.349348 1.5446 1.28495 
1.21124 -0.35117 1.5446 1.38993 
1.2907 -0.275368 1.5446 1.54725 
1.29784 -0.272591 1.5446 1.76095 
1.26779 -0.30157 1.5446 1.44914 
1.27594 -0.293268 1.5446 1.67754 
1.26471 -0.296265 1.5446 1.45114 
1.2514 -0.307046 1.5446 1.49988 
1.2418 -0.312923 1.5446 1.54575 
1.23572 -0.319596 1.5446 1.55418 
1.25038 -0.313162 1.5446 1.60186 
1.25072 -0.31878 1.5446 1.85135 
1.25549 -0.315302 1.5446 1.81546 
1.2556 -0.314999 1.5446 1.78362 
1.27097 -0.291057 1.5446 1.46945 
1.26844 -0.296724 1.5446 1.36253 
1.26787 -0.298079 1.5446 1.81514 
1.27911 -0.281649 1.5446 1.53669 
1.28006 -0.273072 1.5446 1.09521 
1.29684 -0.238078 1.54942 1.13375 
1.26869 -0.196922 1.39141 0.938194 
1.23514 -0.163996 1.48651 0.365419 
1.21582 -0.147575 1.43532 0.615201 
1.14672 -0.108555 1.36235 0.237183 
1.17551 -0.122658 1.36733 0.243836 
1.1591 -0.125358 1.33252 0.317387 
1.17992 -0.149328 1.38548 0.289418 
1.20313 -0.161157 1.47646 0.28766 
1.21442 -0.160024 1.47737 0.248746 
1.21966 -0.169934 1.46848 0.249611 
1.22075 -0.175956 1.475 0.236673 
1.20628 -0.183963 1.51381 0.228503 
1.20379 -0.187452 1.47567 0.21542 
1.21252 -0.188481 1.49746 0.209039 
1.23951 -0.174434 1.4922 0.184202 
1.24534 -0.169629 1.4677 0.194265 
1.24649 -0.16747 1.44087 0.214536 
1.23963 -0.161774 1.47133 0.235145 
1.19224 -0.250132 1.51656 0.368645 
1.21157 -0.21829 1.45047 0.426529 
1.21352 -0.207606 1.47629 0.487921 
1.17559 -0.226067 1.45704 0.298777 
1.195 -0.149289 1.39755 0.201818 
1.20927 -0.170179 1.45108 0.271327 
1.22222 -0.174285 1.47685 0.316657 
1.21403 -0.200236 1.48999 0.368705 
1.22713 -0.217577 1.51267 0.439081 
1.26089 -0.260571 1.5446 0.608273 
1.23708 -0.298352 1.5446 0.725692 
1.22325 -0.31525 1.5446 0.762582 
1.2147 -0.323322 1.5446 0.789992 
1.2048 -0.329083 1.5446 0.985205 
1.24922 -0.303797 1.5446 1.18041 
1.2591 -0.2858 1.52169 1.12329 
1.24403 -0.29155 1.51285 0.959139 
1.24611 -0.292944 1.47797 1.06242 
1.2494 -0.30049 1.5446 1.203 
1.27487 -0.29592 1.5446 1.45718 
1.20598 -0.324731 1.5446 2.0857 
1.20093 -0.335947 1.5446 2.0857 
1.27586 -0.290046 1.4843 2.0857 
1.2606 -0.307876 1.43499 2.0857 
1.25156 -0.316685 1.5446 1.37423 
1.24504 -0.318108 1.51545 1.95008 
1.24514 -0.31883 1.54563 1.80854 
1.24445 -0.321903 1.5446 1.80664 
1.25255 -0.312896 1.5446 1.69226 
1.25526 -0.265457 1.53359 1.53803 
1.20582 -0.241293 1.44483 1.21744 
1.20443 -0.238072 1.48823 0.944896 
1.2046 -0.139189 1.40334 0.539862 
1.20353 -0.132268 1.44743 0.326743 
1.21035 -0.171953 1.51354 0.274655 
1.19855 -0.16945 1.3219 0.452465 
1.21312 -0.175124 1.41302 0.435318 
1.22639 -0.188031 1.45473 0.41488 
1.24114 -0.178384 1.48094 0.335014 
1.24088 -0.166947 1.45072 0.295573 
1.27193 -0.153559 1.43738 0.253071 
1.29462 -0.148235 1.48866 0.219563 
1.28729 -0.161813 1.50341 0.214019 
1.2827 -0.164454 1.50451 0.199735 
1.29727 -0.155409 1.50098 0.176908 
1.30277 -0.157437 1.51323 0.170043 
1.31355 -0.136607 1.459 0.174102 
1.32539 -0.152935 1.46493 0.195811 
1.30435 -0.155013 1.46696 0.221932 
1.30357 -0.158584 1.51169 0.269984 
1.28874 -0.163428 1.44983 0.326439 
1.24876 -0.189566 1.49114 0.227151 
1.2592 -0.176294 1.5198 0.219713 
1.26696 -0.174192 1.51899 0.273448 
1.23312 -0.192942 1.52469 0.275408 
1.20237 -0.194253 1.52162 0.29739 
1.20339 -0.197153 1.53388 0.320119 
1.23063 -0.218123 1.5446 0.402794 
1.24397 -0.255082 1.5446 0.499199 
1.24932 -0.286502 1.5446 0.598606 
1.24033 -0.306268 1.5446 0.710133 
1.23758 -0.313602 1.5446 0.772682 
1.21736 -0.320823 1.5446 0.940873 
1.24306 -0.289546 1.5446 1.0587 
1.26825 -0.27636 1.5446 1.12328 
1.30703 -0.263561 1.50765 2.0857 
1.26345 -0.284633 1.5446 1.89994 
1.24291 -0.280014 1.5446 2.0857 
1.21742 -0.298912 1.5446 2.0857 
1.20975 -0.294697 1.5446 2.0857 
1.21138 -0.29479 1.5446 2.0857 
1.21863 -0.288022 1.5446 2.0857 
1.19757 -0.34458 1.5446 2.0857 
1.20582 -0.333068 1.5446 2.0857 
1.21399 -0.323164 1.5446 2.0857 
1.22885 -0.320793 1.5446 2.0857 
1.20882 -0.361744 1.5446 2.05312 
1.22153 -0.345538 1.5446 1.92413 
1.24265 -0.309463 1.53518 1.90326 
1.25626 -0.283473 1.52506 1.76923 
1.23993 -0.232837 1.41796 1.6769 
1.18916 -0.189386 1.37952 0.799045 
1.1792 -0.169928 1.45056 0.515728 
1.18866 -0.147864 1.42894 0.371841 
1.18347 -0.118798 1.40116 0.313826 
1.20552 -0.130197 1.38496 0.312593 
1.21763 -0.119515 1.40361 0.255983 
1.22283 -0.101641 1.38505 0.218699 
1.22412 -0.117231 1.31681 0.358915 
1.2289 -0.123016 1.3773 0.323102 
1.24252 -0.122806 1.36518 0.290319 
1.25172 -0.126571 1.38166 0.265512 
1.26422 -0.13496 1.4402 0.244802 
1.27377 -0.133582 1.41562 0.220467 
1.26249 -0.144768 1.44533 0.213847 
1.27178 -0.161481 1.45221 0.20567 
1.27238 -0.160619 1.46467 0.191768 
1.27118 -0.153699 1.46527 0.176624 
1.27208 -0.148211 1.45142 0.173022 
1.27479 -0.144091 1.456 0.169056 
1.28671 -0.140428 1.47263 0.171553 
1.28208 -0.142775 1.47754 0.177061 
1.28705 -0.14612 1.49772 0.186537 
1.30616 -0.179976 1.5446 0.252202 
1.30563 -0.173282 1.54582 0.252462 
1.31695 -0.169103 1.52691 0.264607 
1.31332 -0.166947 1.5446 0.301321 
1.31196 -0.16961 1.54112 0.32514 
1.29067 -0.160758 1.52421 0.36805 
1.29419 -0.164309 1.52255 0.480554 
1.29437 -0.166016 1.53851 0.519483 
1.28575 -0.183125 1.5446 0.678286 
1.27821 -0.182263 1.53757 0.30339 
1.2578 -0.184832 1.5446 0.323301 
1.23886 -0.181823 1.52561 0.342908 
1.22335 -0.200738 1.53392 0.408744 
1.24123 -0.255244 1.5446 0.567113 
1.22204 -0.240736 1.5446 0.587161 
1.20373 -0.276766 1.5446 0.678263 
1.20278 -0.294007 1.5446 0.741277 
1.20014 -0.29062 1.5446 0.902127 
1.16838 -0.285082 1.3117 2.0857 
1.15485 -0.277051 1.51455 1.0846 
1.13996 -0.264882 1.49789 1.11688 
1.13737 -0.263225 1.50626 1.13056 
1.18769 -0.295659 1.53939 1.24426 
1.22767 -0.310734 1.5446 1.3047 
1.24118 -0.316611 1.5446 1.40665 
1.2447 -0.318389 1.43129 2.0857 
1.25422 -0.309431 1.52985 2.0857 
1.24608 -0.322088 1.53266 2.0857 
1.25329 -0.31668 1.5267 2.0857 
1.26298 -0.307618 1.50578 2.0857 
1.27042 -0.295358 1.5446 2.0857 
1.24276 -0.298163 1.5446 2.0857 
1.25228 -0.304554 1.5446 2.0857 
1.25192 -0.309487 1.5446 2.0857 
1.24289 -0.320084 1.5446 2.0857 
1.24982 -0.313136 1.5446 2.0857 
1.2525 -0.31293 1.5446 2.0857 
1.2639 -0.306834 1.5446 2.0857 
1.27619 -0.286986 1.53104 2.0857 
1.26911 -0.292383 1.5446 2.04299 
1.2671 -0.293451 1.5446 1.91204 
1.28364 -0.282767 1.5446 1.77429 
1.15995 -0.183954 1.41304 0.531983 
1.13613 -0.161466 1.41919 0.380087 
1.10647 -0.126301 1.37585 0.324246 
1.12676 -0.123351 1.37942 0.302154 
1.1611 -0.120271 1.37924 0.29539 
1.1777 -0.125475 1.38625 0.290335 
1.18507 -0.114036 1.36575 0.422255 
1.18298 -0.101075 1.32548 0.335473 
1.17555 -0.0958584 1.31322 0.251697 
1.14962 -0.0763641 1.2703 0.171652 
1.14974 -0.0747433 1.28505 0.146505 
1.23594 -0.105644 1.36697 0.167524 
1.27817 -0.126532 1.44989 0.17919 
1.2737 -0.131443 1.43573 0.157442 
1.25444 -0.133502 1.40126 0.146341 
1.24911 -0.129921 1.39632 0.13026 
1.31499 -0.150481 1.48532 0.231285 
1.30559 -0.153496 1.4452 0.276238 
1.29215 -0.177642 1.41631 0.366204 
1.27169 -0.185231 1.45313 0.494172 
1.27243 -0.180686 1.43697 0.638833 
1.28016 -0.17023 1.49994 0.219604 
1.26148 -0.172238 1.48922 0.235226 
1.22443 -0.162014 1.44422 0.242639 
1.2223 -0.172143 1.50147 0.272663 
1.21624 -0.18086 1.52853 0.301485 
1.23188 -0.211915 1.5446 0.387646 
1.22222 -0.237942 1.5446 0.496279 
1.22522 -0.260075 1.5446 0.523973 
1.2931 -0.250158 1.5446 0.69331 
1.28093 -0.262855 1.37803 2.0857 
1.28979 -0.261285 1.37481 2.0857 
1.30156 -0.269022 1.42787 2.0857 
1.29508 -0.273279 1.4232 2.0857 
1.28621 -0.279338 1.37598 2.0857 
1.2886 -0.276425 1.37676 2.0857 
1.29283 -0.275503 1.36117 2.0857 
1.28616 -0.283638 1.40746 2.0857 
1.26701 -0.302564 1.43081 2.0857 
1.26216 -0.308126 1.42349 2.0857 
1.26176 -0.308563 1.44514 2.0857 
1.26565 -0.302899 1.40555 2.0857 
1.26546 -0.303 1.43356 2.0857 
1.26786 -0.300547 1.44602 2.0857 
1.27347 -0.295138 1.4526 2.0857 
1.27217 -0.297496 1.48136 2.0857 
1.27948 -0.291245 1.51073 2.0857 
1.2805 -0.289699 1.5152 2.0857 
1.29153 -0.278587 1.5446 2.0857 
1.30108 -0.269692 1.5446 2.0857 
1.30124 -0.269541 1.5446 1.88345 
1.30176 -0.268988 1.5446 1.68335 
1.30221 -0.266048 1.5446 1.55845 
1.32941 -0.237437 1.5446 1.20422 
1.37585 -0.191025 1.5446 0.871563 
1.40519 -0.163317 1.5446 0.449279 
1.35555 -0.126393 1.52428 0.245915 
1.23688 -0.0654034 1.33382 0.180164 
1.15864 -0.063676 1.283 0.143592 
1.13991 -0.0649865 1.28138 0.138837 
1.14639 -0.0774469 1.25976 0.143656 
1.1673 -0.0947664 1.29417 0.149665 
1.19351 -0.0949108 1.30611 0.136944 
1.20523 -0.104708 1.30759 0.13473 
1.21235 -0.114808 1.34592 0.130185 
1.28176 -0.139475 1.47059 0.199078 
1.28272 -0.143075 1.41793 0.256788 
1.26294 -0.143519 1.41503 0.316601 
1.24928 -0.14479 1.41326 0.168695 
1.25705 -0.141415 1.43177 0.175921 
1.24213 -0.141352 1.42114 0.18837 
1.20427 -0.138231 1.37664 0.200141 
1.1794 -0.132314 1.34309 0.211809 
1.26755 -0.146937 1.42084 0.315185 
1.2873 -0.170061 1.42463 0.455607 
1.25581 -0.274859 1.5446 0.611426 
1.25658 -0.287513 1.5446 0.704355 
1.26441 -0.302835 1.5446 0.825583 
1.29481 -0.270431 1.5446 2.0857 
1.30572 -0.264961 1.5446 2.0857 
1.29258 -0.278099 1.5446 2.0857 
1.27892 -0.291871 1.5446 2.0857 
1.26678 -0.304007 1.53209 2.0857 
1.25902 -0.311615 1.44448 2.0857 
1.26262 -0.306024 1.44446 2.0857 
1.26642 -0.299557 1.44864 2.0857 
1.268 -0.296791 1.43339 2.0857 
1.25951 -0.304813 1.44555 2.0857 
1.25277 -0.311146 1.5446 1.59443 
1.25264 -0.315291 1.41287 2.0857 
1.25354 -0.314197 1.47144 2.0857 
1.26428 -0.305376 1.4949 2.0857 
1.26113 -0.3091 1.5446 2.0857 
1.25806 -0.312482 1.54757 2.0857 
1.26173 -0.30902 1.5446 2.0857 
1.25485 -0.31553 1.5446 1.96639 
1.25983 -0.30939 1.5446 1.75543 
1.26441 -0.303706 1.5446 1.66969 
1.31509 -0.247369 1.5446 1.42364 
1.31853 -0.204608 1.51271 0.923012 
1.32009 -0.156429 1.42598 0.898244 
1.31802 -0.140189 1.45199 0.537988 
1.3001 -0.133395 1.45454 0.33226 
1.23101 -0.0906858 1.39021 0.214316 
1.19782 -0.0835082 1.38916 0.184149 
1.16832 -0.0708233 1.34651 0.146113 
1.16397 -0.0580344 1.32249 0.115619 
1.17909 -0.0638025 1.33162 0.112821 
1.19503 -0.0751157 1.34245 0.105305 
1.25024 -0.13924 1.42978 0.184887 
1.23212 -0.138891 1.38741 0.126772 
1.20854 -0.142425 1.4001 0.149324 
1.19937 -0.143584 1.43669 0.154788 
1.1789 -0.139002 1.43426 0.160401 
1.17936 -0.132876 1.41414 0.180219 
1.17341 -0.136123 1.4289 0.217733 
1.19597 -0.185422 1.50063 0.327458 
1.21383 -0.198627 1.53239 0.407819 
1.19777 -0.214863 1.52121 0.506214 
1.21723 -0.261284 1.5446 0.69839 
1.24134 -0.305077 1.5446 0.861473 
1.25635 -0.309674 1.5446 1.09602 
1.27389 -0.296825 1.5446 1.25017 
1.27617 -0.291117 1.5446 1.09837 
1.28593 -0.279234 1.5446 1.07259 
1.28596 -0.273416 1.5446 1.54928 
1.27749 -0.276549 1.5446 1.32035 
1.31738 -0.252842 1.5446 1.56931 
1.27889 -0.291813 1.5446 1.59443 
1.28389 -0.281452 1.5446 1.52924 
1.27764 -0.282849 1.5446 1.54347 
1.26012 -0.310467 1.5446 1.74041 
1.25605 -0.314743 1.53205 1.90214 
1.24273 -0.324461 1.50495 2.0857 
1.23262 -0.329731 1.5446 2.0857 
1.22712 -0.3331 1.5446 2.0857 
1.23644 -0.331998 1.51088 2.0857 
1.24467 -0.317162 1.51509 1.4651 
1.24009 -0.321193 1.54678 1.75563 
1.21903 -0.288547 1.47276 1.44679 
1.24034 -0.211356 1.36846 1.17679 
1.23356 -0.157955 1.34149 0.850026 
1.21416 -0.113905 1.40172 0.271858 
1.18173 -0.0899503 1.35178 0.230087 
1.11667 -0.0256251 1.24992 0.144491 
1.12426 -0.0377147 1.27604 0.131113 
1.11947 -0.0300259 1.23816 0.1075 
1.13459 -0.0492886 1.2558 0.111376 
1.13752 -0.0679219 1.239 0.1074 
1.14687 -0.0792184 1.22576 0.0931656 
1.23719 -0.110414 1.33539 0.127507 
1.24984 -0.110422 1.38981 0.113717 
1.24291 -0.114443 1.31424 0.100422 
1.27511 -0.127385 1.41661 0.120576 
1.26467 -0.137033 1.47963 0.181072 
1.26481 -0.137218 1.51436 0.22587 
1.24874 -0.146703 1.50163 0.283007 
1.24789 -0.145557 1.4843 0.175045 
1.19956 -0.161277 1.48021 0.201124 
1.0671 -0.145495 1.35608 0.180131 
1.00927 -0.134921 1.3382 0.188358 
1.06609 -0.211476 1.45666 0.36145 
1.13065 -0.23869 1.48701 0.487179 
1.23014 -0.269656 1.5446 0.733136 
1.25225 -0.281371 1.5446 0.971203 
1.25616 -0.275223 1.5446 1.23384 
1.2401 -0.267826 1.5446 1.391 
1.22566 -0.294362 1.5446 1.45466 
1.21862 -0.294639 1.5446 1.57978 
1.20836 -0.306525 1.5446 0.924369 
1.20392 -0.346478 1.5446 1.3716 
1.22113 -0.341515 1.5446 1.88433 
1.23617 -0.334101 1.53151 2.0857 
1.23921 -0.330362 1.5446 2.0857 
1.24151 -0.326654 1.5446 2.0857 
1.24559 -0.320164 1.5446 2.0857 
1.2456 -0.322576 1.5446 2.08116 
1.25546 -0.283892 1.47354 1.73164 
1.20532 -0.273356 1.37999 1.48275 
1.16443 -0.159011 1.46506 0.400955 
1.16039 -0.141072 1.36625 0.340258 
1.14247 -0.117509 1.35702 0.312116 
1.13006 -0.0999356 1.34339 0.342163 
1.11369 -0.0836866 1.29401 0.289294 
1.10003 -0.070514 1.30637 0.214453 
1.10284 -0.0835842 1.28402 0.18284 
1.10372 -0.0982779 1.28245 0.186205 
1.09912 -0.0973394 1.28192 0.165986 
1.11784 -0.0973729 1.29907 0.141269 
1.14548 -0.103116 1.33091 0.121687 
1.15846 -0.117778 1.30906 0.124021 
1.19649 -0.129689 1.34553 0.119643 
1.21697 -0.0946045 1.41272 0.0715355 
1.22039 -0.0981025 1.42458 0.0819036 
1.22201 -0.104311 1.43732 0.101017 
1.22966 -0.120786 1.45214 0.15675 
1.21091 -0.133135 1.44526 0.26911 
1.2002 -0.169807 1.47553 0.214821 
1.16039 -0.210049 1.49268 0.269947 
1.13226 -0.209133 1.48337 0.285177 
1.11481 -0.205856 1.45298 0.316526 
1.1207 -0.1985 1.46781 0.34312 
1.15453 -0.247977 1.5454 0.458073 
1.17647 -0.296486 1.5446 0.605276 
1.23082 -0.266957 1.5446 0.77478 
1.27668 -0.262607 1.5446 1.08872 
1.2696 -0.258819 1.5446 1.32655 
1.26241 -0.267486 1.5446 1.43263 
1.25763 -0.278504 1.5446 1.58563 
1.22954 -0.321832 1.5446 1.55284 
1.2215 -0.339505 1.5446 1.38869 
1.20911 -0.353745 1.5446 1.39179 
1.21009 -0.35767 1.5446 2.01065 
1.18117 -0.344743 1.5446 2.0857 
1.18581 -0.345018 1.5446 2.0857 
1.20088 -0.362755 1.5446 1.8003 
1.22229 -0.340291 1.4199 1.47688 
1.23431 -0.308789 1.52379 1.523 
1.25147 -0.28292 1.5446 1.33029 
1.25787 -0.20865 1.48452 0.882568 
1.2563 -0.213269 1.53237 0.744097 
1.24283 -0.202697 1.53043 0.522825 
1.2071 -0.137976 1.44002 0.337753 
1.17335 -0.10727 1.38115 0.293927 
1.15808 -0.128387 1.40984 0.267095 
1.15453 -0.144622 1.37789 0.254767 
1.15564 -0.156302 1.47478 0.226384 
1.16386 -0.163064 1.45577 0.217508 
1.17474 -0.164143 1.48229 0.193242 
1.17754 -0.175072 1.4724 0.197331 
1.19537 -0.190799 1.45675 0.193911 
1.20275 -0.18479 1.45123 0.181177 
1.236 -0.11725 1.4418 0.111241 
1.27097 -0.136616 1.47125 0.132036 
1.23497 -0.122303 1.44378 0.124536 
1.23262 -0.118465 1.40291 0.135724 
1.19997 -0.151763 1.42257 0.218829 
1.17361 -0.166626 1.42273 0.293674 
1.16628 -0.169734 1.41684 0.38438 
1.12242 -0.195351 1.4281 0.222251 
1.1147 -0.247466 1.42196 0.295887 
1.09352 -0.235492 1.42527 0.306286 
1.08929 -0.221766 1.42227 0.318249 
1.16084 -0.24232 1.52507 0.400983 
1.15619 -0.318919 1.5446 0.518967 
1.11738 -0.313392 1.5446 0.550296 
1.13025 -0.29431 1.5446 0.620396 
1.11142 -0.296035 1.53634 0.676232 
1.19623 -0.313321 1.5446 0.901665 
1.19555 -0.311154 1.54407 1.12056 
1.1723 -0.312446 1.53581 1.02559 
1.17092 -0.316226 1.5446 1.36335 
1.18776 -0.34683 1.5446 1.22792 
1.18938 -0.206728 1.5446 2.0857 
1.17109 -0.282575 1.5446 2.0857 
1.16749 -0.319328 1.5446 2.0857 
1.17518 -0.382555 1.5446 1.88714 
1.17845 -0.384249 1.54534 1.74149 
1.18417 -0.374804 1.5446 1.61817 
1.20212 -0.289234 1.44365 1.38616 
1.14111 -0.23069 1.3907 0.772572 
1.11953 -0.189356 1.32929 0.552571 
1.13435 -0.153537 1.29542 0.535875 
1.12081 -0.152889 1.38277 0.327548 
1.13118 -0.153956 1.34997 0.495449 
1.12272 -0.160727 1.38623 0.235471 
1.12565 -0.1413 1.38398 0.257251 
1.12969 -0.141219 1.4036 0.20807 
1.158 -0.143401 1.4225 0.17398 
1.22695 -0.140642 1.36123 0.142007 
1.22027 -0.157494 1.38853 0.143036 
1.19843 -0.121068 1.45775 0.159786 
1.18861 -0.156095 1.46289 0.23983 
1.16278 -0.173197 1.45038 0.337493 
1.21701 -0.221853 1.53922 0.540007 
1.21018 -0.221996 1.5446 0.275216 
1.18028 -0.224355 1.54586 0.295186 
1.18195 -0.220162 1.54318 0.330088 
1.1755 -0.234878 1.5434 0.376128 
1.17082 -0.244036 1.5446 0.418457 
1.20445 -0.269431 1.5446 0.512146 
1.23376 -0.301715 1.5446 0.622625 
1.22485 -0.29119 1.5446 0.653542 
1.21026 -0.302188 1.5446 1.08076 
1.18603 -0.323684 1.5446 0.896714 
1.17836 -0.329896 1.5446 0.928328 
1.18422 -0.349017 1.5446 1.15517 
1.1584 -0.340083 1.5446 1.02568 
1.18069 -0.322042 1.5228 1.03628 
1.21174 -0.315806 1.5446 1.18452 
1.26743 -0.295158 1.47366 2.0857 
1.24023 -0.328329 1.53267 2.0857 
1.2504 -0.319287 1.5446 1.79218 
1.18089 -0.258894 1.42139 1.48913 
1.17409 -0.125378 1.41213 1.43413 
1.13117 -0.156072 1.36566 0.804884 
1.1345 -0.151329 1.35002 0.607769 
1.18918 -0.117403 1.382 0.504316 
1.18963 -0.123847 1.41003 0.255785 
1.18084 -0.139436 1.41855 0.247188 
1.17966 -0.155558 1.44023 0.331586 
1.18415 -0.152265 1.44564 0.299928 
1.19825 -0.151886 1.43572 0.249778 
1.19654 -0.114354 1.46235 0.158167 
1.20009 -0.099512 1.37362 0.131192 
1.19199 -0.0652251 1.36285 0.0741127 
1.18168 -0.0203279 1.32978 0.0114409 
1.24284 -0.115919 1.48103 0.129358 
1.29598 -0.177664 1.5446 0.275297 
1.30288 -0.18834 1.5446 0.362011 
1.23565 -0.230973 1.53397 0.505939 
1.25807 -0.203671 1.5446 0.264402 
1.2057 -0.192043 1.49976 0.262726 
1.1242 -0.183706 1.43396 0.264125 
1.11004 -0.178642 1.43576 0.2695 
1.17964 -0.224715 1.49586 0.393653 
1.16653 -0.214116 1.49841 0.401439 
1.17474 -0.242306 1.51773 0.488544 
1.22184 -0.267024 1.5446 0.584398 
1.22232 -0.285012 1.5446 0.720107 
1.28462 -0.262532 1.5446 1.06193 
1.27339 -0.294125 1.5446 1.35683 
1.28244 -0.286278 1.5446 1.54067 
1.25508 -0.31041 1.5446 1.52851 
1.25126 -0.30577 1.38149 2.0857 
1.24455 -0.303682 1.35299 2.0857 
1.21099 -0.342068 1.39824 1.75191 
1.23268 -0.328755 1.5446 2.02123 
1.23675 -0.318862 1.5446 1.83021 
1.24317 -0.310463 1.5446 1.60446 
1.25891 -0.302273 1.5446 1.36555 
1.29015 -0.192598 1.44957 1.08427 
1.29833 -0.146315 1.50442 0.730265 
1.33563 -0.0966708 1.4404 0.567025 
1.21546 -0.09776 1.36967 0.253586 
1.17916 -0.0924709 1.32956 0.230271 
1.16608 -0.0899275 1.32007 0.200334 
1.16275 -0.0998148 1.33059 0.18717 
1.1681 -0.115754 1.33546 0.169453 
1.16693 -0.107521 1.36081 0.13347 
1.16941 -0.100302 1.30591 0.116406 
1.18324 -0.102552 1.31574 0.103058 
1.24396 -0.10127 1.41535 0.0688205 
1.23771 -0.101117 1.41009 0.0774624 
1.22713 -0.105042 1.46208 0.0780349 
1.22454 -0.118512 1.41435 0.128046 
1.21457 -0.129638 1.45555 0.19399 
1.20021 -0.146538 1.43044 0.308549 
1.25624 -0.21428 1.53284 0.589172 
1.29787 -0.219879 1.5446 0.319358 
1.28255 -0.205314 1.54122 0.326858 
1.26842 -0.192018 1.50718 0.340949 
1.25811 -0.204251 1.53113 0.40622 
1.23406 -0.185734 1.4952 0.426744 
1.20917 -0.18865 1.50478 0.517155 
1.19679 -0.290811 1.5446 0.858388 
1.17521 -0.309305 1.5446 0.92384 
1.1528 -0.28067 1.53291 1.0876 
1.24287 -0.227836 1.5446 1.31592 
1.27832 -0.263467 1.5446 1.39503 
1.28561 -0.275096 1.5446 1.32701 
1.27852 -0.286245 1.5446 1.9941 
1.2015 -0.365362 1.5446 2.0857 
1.19719 -0.364663 1.5446 1.97041 
1.19993 -0.34851 1.4786 1.72244 
1.21037 -0.323964 1.5446 1.01796 
1.22457 -0.294453 1.48369 1.32347 
1.23409 -0.252539 1.49354 0.86869 
1.26497 -0.229435 1.5286 0.708523 
1.2763 -0.18945 1.5446 0.500938 
1.2195 -0.133295 1.48538 0.357529 
1.15981 -0.0883796 1.37469 0.220746 
1.15708 -0.0731402 1.33753 0.205077 
1.16614 -0.0796956 1.33388 0.190712 
1.17903 -0.0993753 1.34175 0.189113 
1.18939 -0.107875 1.35976 0.165205 
1.19928 -0.115039 1.36946 0.158494 
1.21786 -0.109211 1.39957 0.141298 
1.26788 -0.131147 1.42744 0.155611 
1.27669 -0.125169 1.43108 0.172668 
1.27878 -0.125726 1.475 0.212628 
1.26176 -0.13941 1.45542 0.294512 
1.27208 -0.143261 1.45456 0.391186 
1.27228 -0.145366 1.46189 0.423275 
1.26733 -0.147548 1.49803 0.234474 
1.23796 -0.163782 1.53336 0.259955 
1.21627 -0.189145 1.5498 0.31751 
1.17063 -0.251575 1.5446 0.423406 
1.1894 -0.293161 1.5446 0.560076 
1.17616 -0.289016 1.5446 0.610336 
1.18029 -0.279817 1.5446 0.699888 
1.1737 -0.279419 1.5446 0.836588 
1.25108 -0.274347 1.5446 2.0857 
1.23383 -0.335963 1.5446 2.0857 
1.23762 -0.323587 1.42211 2.0857 
1.31414 -0.250719 1.44036 2.0857 
1.29249 -0.273318 1.42002 2.0857 
1.2796 -0.280884 1.35696 2.0857 
1.27613 -0.28348 1.33076 2.0857 
1.28079 -0.289303 1.5446 2.0857 
1.28462 -0.285683 1.5446 2.0857 
1.27846 -0.292219 1.5446 2.0857 
1.27706 -0.293729 1.5446 2.03845 
1.25349 -0.246403 1.49027 1.67584 
1.24145 -0.207941 1.46391 1.04533 
1.2464 -0.184761 1.43469 0.830393 
1.21002 -0.145583 1.42179 0.518432 
1.19717 -0.112961 1.39334 0.310647 
1.20021 -0.133148 1.39078 0.293356 
1.19585 -0.132401 1.35653 0.239303 
1.14685 -0.106664 1.2704 0.179542 
1.12125 -0.093916 1.24814 0.146373 
1.13232 -0.11345 1.25737 0.148112 
1.14955 -0.121893 1.25904 0.139599 
1.15874 -0.116353 1.251 0.119254 
1.23645 -0.0771661 1.29067 0.083237 
1.27946 -0.0553525 1.30879 0.0622769 
1.27533 -0.0539387 1.30613 0.0581926 
1.27596 -0.0565839 1.31461 0.0584605 
1.24985 -0.0797028 1.32205 0.078331 
1.27766 -0.0871783 1.35762 0.085485 
1.25645 -0.0961376 1.33857 0.101564 
1.2409 -0.109941 1.34856 0.131234 
1.22643 -0.128279 1.37527 0.174862 
1.22042 -0.135708 1.39255 0.19474 
1.18991 -0.16021 1.37435 0.226884 
1.1684 -0.173903 1.36669 0.227632 
1.15755 -0.182282 1.36485 0.214871 
1.15152 -0.187776 1.38165 0.25122 
1.08659 -0.220666 1.3177 0.292908 
1.19498 -0.278134 1.3327 1.49185 
1.20462 -0.29968 1.5446 0.508478 
1.21156 -0.295155 1.5446 0.595184 
1.22237 -0.283144 1.4339 2.0857 
1.2052 -0.282939 1.5446 0.733253 
1.20785 -0.277179 1.52379 0.841008 
1.17194 -0.331056 1.5446 0.959717 
1.1722 -0.328503 1.5446 0.976724 
1.16569 -0.309358 1.5446 1.10292 
1.16389 -0.259095 1.5427 1.16734 
1.19628 -0.267448 1.5338 1.39523 
1.216 -0.273991 1.53562 1.51863 
1.27256 -0.286963 1.5446 1.49348 
1.28263 -0.286649 1.5446 1.58608 
1.27243 -0.298002 1.5446 1.72096 
1.26331 -0.30746 1.5446 1.62045 
1.25953 -0.310578 1.5446 1.62486 
1.26537 -0.303666 1.43407 2.0857 
1.2546 -0.315019 1.42369 2.0857 
1.25479 -0.312919 1.54528 2.0857 
1.22525 -0.29546 1.5446 2.0857 
1.20813 -0.284232 1.5446 2.0857 
1.23571 -0.291766 1.5446 2.0857 
1.25041 -0.292611 1.5446 2.0857 
1.25698 -0.29553 1.5446 2.0857 
1.24457 -0.320924 1.5446 1.65441 
1.24279 -0.325647 1.5446 2.0676 
1.24669 -0.31865 1.5446 1.94137 
1.28052 -0.290006 1.5446 1.71528 
1.2965 -0.217963 1.5446 1.3903 
1.27168 -0.209637 1.5233 1.07694 
1.26948 -0.209929 1.53973 0.892977 
1.27789 -0.207803 1.5446 0.804901 
1.26838 -0.216502 1.53261 0.585752 
1.19684 -0.123284 1.38879 0.426087 
1.17076 -0.143573 1.38143 0.290375 
1.16028 -0.151377 1.38668 0.248504 
1.16303 -0.162562 1.42009 0.225924 
1.17452 -0.162193 1.38772 0.19705 
1.213 -0.178268 1.45996 0.189607 
1.21329 -0.176062 1.41682 0.17587 
1.2376 -0.159884 1.45113 0.150039 
1.23386 -0.149872 1.40158 0.133749 
1.23835 -0.109245 1.30656 0.089773 
1.20999 -0.0644619 1.31301 0.0298941 
1.21923 -0.09609 1.36078 0.0792081 
1.2223 -0.100076 1.43224 0.0961733 
1.22262 -0.103581 1.35628 0.124856 
1.22587 -0.128089 1.4443 0.192864 
1.20998 -0.14792 1.4335 0.281985 
1.17568 -0.174519 1.40571 0.40625 
1.15496 -0.186488 1.42668 0.249087 
1.13374 -0.200612 1.46065 0.295518 
1.14674 -0.182602 1.49146 0.267618 
1.1961 -0.23131 1.5446 0.387116 
1.19982 -0.267111 1.5446 0.473016 
1.22597 -0.251036 1.5446 0.488265 
1.22847 -0.253872 1.5446 0.611773 
1.22762 -0.249853 1.5446 0.793748 
1.18011 -0.274147 1.5252 0.953311 
1.13872 -0.297495 1.53872 0.952358 
1.06674 -0.326165 1.54212 0.885248 
1.06501 -0.319819 1.5039 0.957013 
1.17104 -0.287243 1.5446 1.11153 
1.25332 -0.281881 1.5446 1.54781 
1.25607 -0.301889 1.5446 1.72212 
1.26138 -0.300175 1.5446 1.38972 
1.23887 -0.331519 1.5446 2.0857 
1.23236 -0.333236 1.5446 1.95369 
1.23487 -0.332803 1.5446 2.06832 
1.2367 -0.32879 1.5446 1.87691 
1.23545 -0.321892 1.5446 1.74869 
1.23704 -0.2581 1.4599 1.49251 
1.25868 -0.232567 1.47999 1.28665 
1.28619 -0.221106 1.51667 0.972194 
1.27495 -0.196141 1.5446 0.796596 
1.2486 -0.170164 1.516 0.336499 
1.22142 -0.178194 1.42883 0.484947 
1.18678 -0.177154 1.4629 0.388296 
1.16547 -0.169991 1.38264 0.309234 
1.14948 -0.181074 1.48622 0.256264 
1.16089 -0.194607 1.44396 0.230226 
1.15381 -0.165379 1.4927 0.191126 
1.1758 -0.156241 1.45356 0.163166 
1.20711 -0.135527 1.52752 0.126898 
1.23184 -0.15083 1.45032 0.166103 
1.2324 -0.160359 1.45109 0.223854 
1.22072 -0.171178 1.49048 0.288559 
1.2094 -0.169546 1.43873 0.364819 
1.17282 -0.183778 1.46785 0.219913 
1.16357 -0.191107 1.50022 0.260015 
1.18102 -0.240084 1.5446 0.867094 
1.20021 -0.227277 1.38375 1.1497 
1.23779 -0.258487 1.5446 0.464302 
1.22537 -0.256406 1.5446 0.539254 
1.19618 -0.251609 1.54322 0.58085 
1.1871 -0.231531 1.51429 0.648993 
1.19765 -0.230174 1.5131 0.734257 
1.21863 -0.22602 1.35058 2.0857 
1.24865 -0.27334 1.28797 2.0857 
1.23763 -0.304468 1.40781 2.0857 
1.25265 -0.309232 1.5446 1.51375 
1.2674 -0.303035 1.5446 1.55687 
1.26835 -0.301397 1.5446 1.54523 
1.25809 -0.312495 1.5446 1.62446 
1.21392 -0.356772 1.5446 2.0857 
1.21441 -0.355564 1.5446 2.05687 
1.18187 -0.372242 1.5446 1.83742 
1.18494 -0.349313 1.54918 1.58312 
1.19561 -0.330326 1.49466 1.46815 
1.21908 -0.262988 1.49212 1.19434 
1.27384 -0.250007 1.5446 1.16832 
1.27754 -0.208519 1.5446 0.592537 
1.25304 -0.188784 1.54361 0.629505 
1.18463 -0.157771 1.4669 0.465422 
1.14015 -0.132428 1.36351 0.251517 
1.14495 -0.141714 1.34137 0.28227 
1.20524 -0.165476 1.39687 0.268852 
1.22375 -0.168455 1.41378 0.238134 
1.21404 -0.157672 1.41147 0.205358 
1.2173 -0.153363 1.48624 0.185613 
1.23458 -0.162317 1.52085 0.231671 
1.23791 -0.17105 1.54929 0.276476 
1.22641 -0.165914 1.5446 0.31292 
1.26357 -0.170434 1.5446 0.40467 
1.28077 -0.162642 1.47814 1.83289 
1.28863 -0.170492 1.52107 0.747562 
1.27679 -0.16718 1.5446 0.988415 
1.23795 -0.192848 1.5446 1.14914 
1.25629 -0.201102 1.48132 1.07162 
1.23994 -0.271406 1.5446 1.06389 
1.25546 -0.188853 1.40078 1.15133 
1.27402 -0.127096 1.41769 0.560114 
1.25305 -0.13176 1.43636 0.408902 
1.19736 -0.133751 1.43167 0.336531 
1.18742 -0.116137 1.45564 0.216443 
1.18805 -0.11968 1.43335 0.271909 
1.20022 -0.13562 1.4542 0.22496 
1.22101 -0.170475 1.50164 0.26164 
1.22625 -0.164511 1.50966 0.27609 
1.21137 -0.138545 1.48485 0.255203 
1.17524 -0.140964 1.44421 0.338892 
1.22975 -0.192004 1.46354 0.490323 
1.31136 -0.149446 1.5446 0.297423 
1.28956 -0.183205 1.5446 0.387575 
1.2311 -0.224092 1.5446 0.47478 
1.19671 -0.240615 1.5446 0.55258 
1.1578 -0.126608 1.43822 0.147992 
1.10202 -0.139279 1.3986 0.183855 
1.10638 -0.145612 1.40362 0.235998 
1.10841 -0.140796 1.40702 0.261278 
1.16907 -0.232015 1.5282 0.455642 
1.1842 -0.268868 1.5446 0.661662 
1.19779 -0.272055 1.53959 0.797011 
1.30796 -0.259051 1.42374 2.0857 
1.28538 -0.281903 1.48901 2.0857 
1.11042 -0.191204 1.49528 0.249221 
1.08374 -0.176098 1.49026 0.240268 
1.07667 -0.202401 1.51877 0.336788 
1.05925 -0.314103 1.5446 0.530086 
1.08101 -0.326194 1.5446 0.682154 
1.10126 -0.301954 1.53108 0.863384 
1.04959 -0.172633 1.39037 0.964534 
0.966674 -0.115559 1.30294 0.31384 
0.941586 -0.0754209 1.25313 0.267212 
0.998948 -0.0901964 1.31172 0.254562 
1.00042 -0.0961289 1.29685 0.234948 
0.994101 -0.091625 1.24291 0.243318 
1.01356 -0.0862268 1.26641 0.203262 
1.01891 -0.0884058 1.25157 0.177871 
1.04303 -0.0930404 1.25373 0.1529 
1.07965 -0.160058 1.45443 0.199209 
1.03753 -0.1714 1.45062 0.226236 
1.03492 -0.15514 1.44857 0.237536 
1.17415 -0.283235 1.54697 2.0857 
1.21522 -0.287428 1.51066 2.0857 
1.18602 -0.29314 1.5446 1.06328 
1.19963 -0.289127 1.5446 1.38836 
1.28345 -0.281184 1.5446 2.0857 
1.22847 -0.139642 1.45903 0.553578 
1.09215 -0.142876 1.51019 0.238979 
1.23758 -0.244458 1.5446 0.653472 
1.22626 -0.252408 1.5446 0.810782 
1.19544 -0.261201 1.5446 1.06243 
1.19562 -0.159246 1.49982 0.400546 
1.20036 -0.141993 1.48434 0.368629 
1.19233 -0.176766 1.49849 0.23165 
1.20741 -0.229544 1.43594 1.22305 
1.19902 -0.196324 1.37058 2.0857 
1.27414 -0.197375 1.5446 0.450695 
1.2775 -0.210606 1.5446 0.54015 
1.27599 -0.21282 1.34686 2.0857 
1.32376 -0.171135 1.52434 0.910213 
1.30756 -0.133659 1.49572 0.638031 
1.2648 -0.120756 1.46673 0.462508 
1.22958 -0.132655 1.54201 0.363018 
1.14653 -0.183589 1.518 0.212733 
1.13892 -0.174 1.50526 0.21784 
1.13312 -0.16799 1.5087 0.236196 
1.16158 -0.212808 1.5446 0.382843 
1.175 -0.250927 1.5446 0.534395 
1.1266 -0.260271 1.54321 0.715679 
1.10342 -0.301135 1.54421 1.06174 
1.22736 -0.295838 1.5446 1.30977 
1.12978 -0.385272 1.5446 1.23362 
1.09753 -0.37901 1.5446 1.16012 
1.1038 -0.373486 1.5446 1.11224 
1.11488 -0.363943 1.5446 1.4237 
1.19882 -0.266964 1.43148 1.65471 
1.21888 -0.275651 1.44506 1.38928 
1.25563 -0.243248 1.44566 1.33415 
1.20647 -0.165846 1.41117 0.329654 
1.27327 -0.103525 1.42439 0.592433 
1.21584 -0.0935638 1.37389 0.410646 
1.19298 -0.0819305 1.44141 0.314308 
1.18549 -0.0857751 1.40024 0.236131 
1.16503 -0.155884 1.5446 0.156961 
1.14745 -0.189955 1.5446 0.253129 
1.13565 -0.17466 1.5446 0.266839 
1.10942 -0.183393 1.5446 0.32745 
1.13788 -0.224071 1.5446 0.478955 
1.07456 -0.316665 1.5446 0.693289 
1.08059 -0.333318 1.5446 0.784657 
1.08218 -0.362659 1.5446 1.00359 
1.07441 -0.391776 1.5446 1.15168 
1.07248 -0.39279 1.5446 0.95176 
1.04785 -0.418709 1.5446 1.08619 
1.05051 -0.395994 1.5446 1.19205 
1.05412 -0.372192 1.5446 1.22624 
1.06376 -0.346595 1.5446 1.25697 
1.18564 -0.260894 1.44103 1.61824 
1.173 -0.257538 1.42622 1.45325 
1.11758 -0.175555 1.42962 0.568416 
1.12443 -0.138111 1.44592 0.408428 
1.12841 -0.116966 1.4001 0.49585 
1.14595 -0.114782 1.44057 0.30263 
1.14481 -0.0558191 1.41855 0.140408 
1.14505 -0.0200367 1.42375 0.0666838 
1.16894 -0.0416868 1.33729 0.093555 
1.11018 -0.127339 1.4161 0.175961 
1.16852 -0.123633 1.4205 0.219233 
1.1657 -0.16345 1.44603 0.347593 
1.15421 -0.210514 1.5018 0.466209 
1.13435 -0.217318 1.49414 0.590012 
1.13593 -0.220809 1.54179 0.671679 
1.15839 -0.246278 1.50845 0.98363 
1.21236 -0.242124 1.53002 1.05173 
1.14336 -0.287084 1.41452 1.46372 
1.15627 -0.253568 1.4547 1.3212 
1.16185 -0.252787 1.4384 1.1405 
1.20628 -0.174889 1.54322 0.418923 
1.19662 -0.15223 1.52184 0.353249 
1.15177 -0.116975 1.47532 0.226167 
1.13037 -0.110264 1.42177 0.225664 
1.14777 -0.108985 1.39058 0.251742 
1.21971 -0.137257 1.54547 0.21368 
1.15474 -0.126026 1.45871 0.191484 
1.10712 -0.114969 1.47777 0.216522 
1.06585 -0.137488 1.46999 0.289845 
1.03643 -0.17876 1.45373 0.407218 
1.1028 -0.219016 1.54188 0.5199 
1.14254 -0.239994 1.5446 0.605217 
1.13711 -0.250337 1.5446 0.689601 
1.11422 -0.228924 1.47254 0.713699 
1.04835 -0.237675 1.42318 0.68806 
1.08702 -0.240212 1.41854 0.781434 
1.09189 -0.234464 1.41615 0.71657 
1.09212 -0.24049 1.32412 1.19409 
1.11243 -0.286818 1.35066 1.207 
1.12091 -0.300701 1.36885 1.28213 
1.06403 -0.295336 1.33935 1.39089 
1.07847 -0.293666 1.34156 1.39761 
1.14499 -0.259866 1.47152 1.16417 
1.11666 -0.261841 1.45123 0.944035 
1.1071 -0.249483 1.51039 0.729348 
1.0037 -0.207465 1.45 0.466783 
0.943362 -0.159587 1.27557 0.38193 
0.847898 -0.0895238 1.14423 0.319874 
0.855569 -0.102257 1.17262 0.313814 
0.878703 -0.109117 1.33473 0.30485 
0.901019 -0.116775 1.33441 0.296103 
0.973036 -0.102886 1.32635 0.287146 
1.02101 -0.0883035 1.32563 0.235275 
1.05008 -0.0956272 1.29902 0.252846 
1.1154 -0.0975984 1.31727 0.190061 
1.26393 -0.117703 1.38407 0.125033 
1.21699 -0.117174 1.47336 0.18139 
1.11033 -0.219319 1.43931 0.329227 
1.16012 -0.241415 1.49448 0.417097 
1.14422 -0.26683 1.3771 2.0857 
1.17736 -0.266052 1.38206 2.0857 
1.25511 -0.211952 1.49484 0.857502 
1.28762 -0.210743 1.52879 0.948858 
1.18681 -0.143345 1.41066 0.66153 
1.1744 -0.125194 1.38181 0.477995 
1.10665 -0.0705802 1.39113 0.199211 
1.07629 -0.0430502 1.34451 0.137617 
1.11585 -0.0641122 1.34993 0.125774 
1.21409 -0.270465 1.5446 0.514383 
1.16622 -0.308255 1.5446 0.61251 
1.12948 -0.33236 1.5446 0.74069 
1.08218 -0.374854 1.5446 0.926324 
1.09773 -0.354978 1.31652 2.05269 
1.11896 -0.349519 1.31149 2.0857 
1.13065 -0.338272 1.25527 2.0857 
1.22241 -0.122266 1.41907 0.531155 
1.26201 -0.105282 1.50495 0.418392 
1.15932 -0.070171 1.40905 0.269112 
1.14634 -0.0539814 1.39255 0.17483 
1.15786 -0.0739977 1.40294 0.182401 
1.15736 -0.0859533 1.40892 0.152979 
1.2418 -0.0858971 1.49264 0.242 
1.40226 -0.152875 1.5446 0.836711 
1.3674 -0.14502 1.51597 1.10643 
1.31161 -0.101673 1.49595 2.0857 
1.24516 -0.218189 1.5446 0.455796 
1.19354 -0.280772 1.5446 0.601552 
1.18482 -0.303608 1.5446 0.765108 
1.21629 -0.276735 1.5446 0.950342 
1.17064 -0.274538 1.5446 0.994625 
1.2946 -0.142592 1.45932 1.51049 
1.24597 -0.103063 1.3834 0.732986 
1.19691 -0.0620015 1.32884 0.475215 
1.15337 -0.0466462 1.32794 0.276986 
1.22434 -0.0909847 1.37948 0.28685 
1.23589 -0.182306 1.39538 0.865443 
1.22827 -0.140802 1.45111 0.268245 
1.22364 -0.130517 1.46839 0.305758 
1.21122 -0.196521 1.28955 2.0857 
1.29426 -0.166192 1.38372 2.0857 
1.2363 -0.141146 1.49494 0.909562 
1.15788 -0.218472 1.52705 0.937325 
1.1716 -0.287055 1.5446 1.06282 
1.31542 -0.206534 1.5446 1.44481 
1.31769 -0.211762 1.52437 2.0857 
1.31601 -0.222482 1.50355 2.0857 
