-1.15599 -1.06588 5 
0.0424347 -0.44994 -5 
0.990021 0.360531 0 
0.113739 -0.735645 5 
-0.334839 0.102638 0 
-0.407654 0.0429764 0 
1.09315 0.412785 -5 
-0.012558 0.342926 0 
-0.608566 -0.792271 5 
0.944031 0.485233 -5 
0.908127 0.482117 0 
-0.961472 -0.00945282 0 
0.614456 -0.273392 0 
-0.421509 0.0675545 0 
-1.13863 0.224247 5 
-0.40271 0.531803 0 
1.96301 -0.505589 -5 
-0.564713 -0.378258 5 
0.448807 0.516445 -5 
-0.180862 -0.719841 5 
1.03798 -0.172371 -5 
-0.844818 -0.612164 5 
1.18774 0.280327 -5 
-0.283066 -0.217194 5 
0.411636 1.18253 -5 
-0.0753326 -0.633396 0 
-1.19415 -0.0706978 10.5 
1.16478 -0.656944 -10.5 
0.427231 0.361217 5 
-1.67682 -0.193127 0 
0.472763 0.558285 0 
0.878174 0.6492 -5 
-0.629364 -1.68637 5 
-0.12915 0.582157 0 
-0.294571 -0.157455 5.5 
-0.250305 -0.647961 0 
0.608292 1.14178 -5.5 
0.381821 0.253407 0 
-0.367966 -0.400948 0 
0.0546417 0.281239 0 
0.406769 -0.262573 -5 
-0.717651 -0.265804 10.5 
0.808258 0.670952 -5.5 
1.157 -0.112434 5.5 
4.84633 0.661842 -5.5 
5.16725 -0.607746 -5 
6.86891 -0.498306 5 
8.13358 -1.77902 -5 
10.1796 -2.60865 0 
10.6972 -2.93415 0 
10.8077 -1.92054 0 
10.7331 -2.96308 0 
11.8776 -3.39113 5 
9.15075 -1.16106 5.5 
9.21655 -3.21203 5.5 
8.3973 -2.59984 0 
7.33008 -2.94461 5.5 
6.59228 -0.946762 5.5 
3.07745 -1.62531 11.5 
5.23403 -2.94807 0 
-8.84488 8.87354 0 
-5.76089 1.78026 0 
-6.65454 3.7038 -11.5 
-8.60174 1.91678 0 
-7.7468 3.6478 -5.5 
-9.97541 2.26377 -5.5 
-10.3092 3.5435 0 
-10.0402 2.04328 -5.5 
-9.95461 2.62558 -5.5 
-10.5324 1.77382 0 
-9.62797 3.04102 0 
-9.43516 2.75216 0 
-10.109 -1.78689 0 
-8.56319 0.709156 5.5 
-8.20003 -0.187141 -5.5 
-7.21094 0.807018 5.5 
-6.58443 -0.240646 0 
-6.05159 1.30596 5.5 
-3.80487 -1.11674 0 
-4.04245 -0.518078 0 
-1.58107 0.23484 0 
-2.55595 0.591049 5.5 
-1.30865 -0.959587 0 
-0.656281 0.300735 5.5 
-0.738312 -0.380764 0 
1.37196 0.241444 0 
2.81981 -1.16402 -5.5 
2.37373 0.208027 5.5 
4.15611 -0.567993 -11 
3.49211 -0.737061 0 
6.11087 -0.886391 0 
7.46785 -0.378895 0 
7.41692 -0.490311 -5.5 
8.96375 0.135021 5.5 
10.1998 -2.13693 -5.5 
9.49596 -3.97222 5.5 
11.4407 -2.76231 -5.5 
11.4367 -2.40223 0 
10.6637 -3.17384 0 
9.29287 -3.06032 5.5 
9.67086 -4.69488 0 
9.25377 -2.75386 5.5 
7.12358 -1.90195 0 
6.19078 -4.60661 5.5 
5.51089 -0.598152 5.5 
3.43449 -2.20233 6 
-8.80063 9.3698 0 
-7.32038 3.74 0 
-9.00381 5.2095 -6 
-10.4946 2.30943 0 
-9.86255 4.01021 -11 
-12.195 3.1317 0 
-11.6144 2.69546 -5.5 
-14.0391 3.78742 0 
-11.1295 3.10162 0 
-13.37 2.68092 0 
-9.53087 1.91165 -5.5 
-10.1314 1.60302 0 
-8.64941 0.90976 5.5 
-8.80414 0.291382 0 
-6.11873 0.626312 5.5 
-4.45599 0.400513 0 
-8.64917 -0.0819321 5.5 
0.438766 0.944942 5.5 
-2.40201 -0.74157 0 
-1.97404 -1.36799 0 
1.26584 -0.563118 0 
7.74838 1.58841 0 
3.02811 -1.30151 0 
5.73851 -1.34319 0 
5.33382 -1.78792 -5.5 
8.37834 0.457603 -5.5 
8.01616 -2.95765 -5.5 
8.99878 -0.644226 0 
10.1981 -2.91625 0 
12.0887 -3.30824 -5.5 
9.77036 -1.54913 0 
12.7278 -3.05529 0 
12.4204 -2.7935 0 
11.8824 -3.26234 -5.5 
10.6888 -3.01039 5.5 
11.6108 -3.42593 0 
9.91987 -5.11275 5.5 
8.91563 -3.9465 0 
8.9193 -3.92156 5.5 
7.57008 -3.21091 5.5 
4.7471 -5.34567 11.5 
7.00188 -1.35991 0 
-16.5538 13.6407 0 
-7.49248 3.80175 -6 
-7.1917 5.68715 -5.5 
-10.5397 3.63392 -5.5 
-13.4646 5.67526 -5.5 
-10.6339 5.06802 -11 
-13.2662 4.50893 5.5 
-11.4761 3.3116 -10.5 
-11.6875 2.71934 0 
-12.1229 3.54831 0 
-11.9577 1.0611 0 
-9.20958 2.2981 -5.5 
-11.8687 0.0225525 10.5 
-10.1174 -0.105579 5.5 
-8.43248 -0.519028 0 
-6.98299 0.341557 5.5 
-9.13269 -1.51425 5.5 
-1.7354 0.70002 0 
-3.91292 0.296577 5.5 
-7.54196 -2.45352 5.5 
2.52286 0.916096 0 
-3.9518 -0.432903 6 
-3.0979 -3.26879 0 
5.30196 1.74802 0 
2.01338 -0.581959 0 
1.79622 -0.93008 0 
0.208328 -1.5496 -6 
7.35725 -0.268238 0 
5.66457 -1.22742 -5.5 
6.89107 -0.28944 -5.5 
7.55673 -0.463486 -5.5 
8.81187 1.37856 0 
8.50548 -2.52712 -5.5 
10.3373 -0.177635 0 
10.7371 -1.22442 0 
11.204 -2.11293 -5.5 
14.3006 -1.84863 0 
13.3152 -2.09746 -5 
14.2959 -3.06399 0 
12.3821 -1.58199 0 
14.23 -3.79743 0 
12.847 -3.18749 5 
12.8437 -3.31526 0 
10.6606 -4.34604 11 
8.33932 -3.30276 5.5 
8.05564 -3.89727 5.5 
4.92554 -5.68883 5.5 
-8.82018 3.77899 6 
-7.26187 5.51541 0 
-7.47055 4.89789 -6 
-10.0234 5.04334 -11 
-10.1036 3.2124 -5.5 
-12.5581 5.31755 -11 
-13.5205 3.83705 -5 
-13.0603 3.76668 0 
-13.5709 3.70282 -5.5 
-12.4863 4.26808 0 
-12.8778 0.352692 0 
-12.1163 2.65315 0 
-10.6313 -0.134674 0 
-10.1887 0.543747 0 
-10.1216 -0.166931 10.5 
-9.9312 -1.10208 5.5 
-6.18275 0.269753 0 
-9.7599 -1.82857 5.5 
-2.1423 -0.239365 5.5 
-4.65567 -0.575089 5.5 
-2.30875 -0.966602 0 
-1.82306 0.14204 5.5 
-0.470856 -1.35266 0 
-1.06223 -0.0375023 0 
2.70145 -0.113705 0 
2.46014 0.513805 0 
5.27127 0.362179 -5.5 
2.82808 -1.01964 0 
5.86929 0.0264893 -5.5 
6.85068 1.48011 -5.5 
6.96417 -0.725063 0 
7.19287 0.221283 0 
9.00676 -0.737526 -5.5 
9.03619 0.286968 0 
9.18874 1.29437 0 
12.1071 -1.26025 -5.5 
11.1695 -1.22254 -5 
12.4984 -0.996429 0 
12.2239 -0.0659256 0 
12.8238 -0.393303 0 
11.558 -2.17965 0 
13.2868 -1.88197 0 
13.6626 -1.86161 5 
10.4466 -1.76682 0 
10.8975 -4.82091 11 
8.73775 -1.28387 0 
8.4897 -5.93018 11 
6.52539 -3.33028 11.5 
-11.039 -4.73995 0 
-6.44739 3.13916 -6 
-9.65054 4.30207 0 
-10.5088 4.47419 -11 
-11.8515 3.9028 -5.5 
-12.4268 4.40423 -11 
-13.4478 3.78074 0 
-12.3641 4.36697 -5 
-13.1546 3.3048 0 
-12.7064 2.01804 0 
-11.5272 2.01862 0 
-12.0407 1.28321 0 
-10.404 1.49836 0 
-8.89607 1.28329 -5.5 
-11.559 -0.610607 10.5 
-9.12648 -0.659378 5.5 
-9.01181 -0.292725 5.5 
-5.15393 0.178936 0 
-6.73778 0.0403824 11 
-9.13644 -1.73809 0 
-1.1756 1.40735 5.5 
-3.30305 -2.73301 0 
-3.2086 0.90612 6 
2.83521 -0.892399 0 
-2.06647 -2.5671 0 
1.92433 1.87554 0 
-2.52901 -0.547619 0 
6.64688 -0.162758 0 
0.835327 0.309944 0 
1.51419 0.0429726 0 
5.06274 -0.20475 -6 
4.28972 -0.307384 0 
3.74908 -2.57237 0 
4.82573 -0.241203 -5.5 
8.40767 -0.140011 0 
6.87881 -0.692745 -5.5 
8.11823 -0.731045 -5.5 
8.20961 -0.781456 0 
10.5493 -1.61774 0 
9.91903 -1.85932 0 
11.8621 -4.75293 0 
13.109 -3.15367 0 
13.3509 -1.00528 -5.5 
10.6899 -5.33764 5.5 
10.6462 -2.04041 0 
11.7554 -3.91419 5.5 
10.2455 -3.98601 5.5 
9.57797 -2.90639 5.5 
6.26421 -4.04044 6 
1.55658 7.48233 0 
-8.17104 5.25289 -11.5 
-9.74284 4.4084 0 
-9.95096 5.2683 -11 
-10.0556 4.0105 0 
-10.1018 4.51915 -5.5 
-10.944 3.82685 0 
-10.7457 3.86917 -10.5 
-11.3668 3.4563 5 
-10.7856 2.41066 -5 
-12.7659 2.18841 10.5 
-10.2856 2.3903 -10.5 
-8.57375 -0.833115 10.5 
-8.8748 -0.672367 5.5 
-7.48138 -0.239376 0 
-6.73372 -3.12514 5.5 
-5.24426 0.235031 11 
-3.70018 -0.509541 0 
-5.0603 -0.0443268 6 
-0.092865 -1.46283 0 
-5.48991 -0.882919 0 
4.34364 -0.314087 0 
0.299545 -1.17559 0 
2.26924 -0.582058 0 
1.47531 -0.545372 0 
4.70801 -0.0904846 -6 
4.34402 1.07857 0 
5.71091 0.0808449 -5.5 
7.2318 0.103806 -5.5 
8.36317 -0.065403 -5.5 
9.65721 -0.338573 -5.5 
9.33005 -1.57387 5.5 
11.3285 -1.69463 0 
11.1549 -1.10896 -5.5 
12.2593 -1.93031 0 
10.8681 -3.1573 0 
12.0471 -1.05153 -5.5 
10.7841 -3.18986 5.5 
11.5453 -3.25885 5.5 
12.2456 -4.20544 5.5 
10.4188 -5.44463 0 
10.133 -3.20914 11 
8.78749 -4.07806 6 
-3.85209 3.92271 0 
-11.0334 6.75522 -17 
-10.4271 3.84733 0 
-13.9167 4.84266 -5.5 
-12.1361 4.11592 -5.5 
-13.4396 4.50074 -5.5 
-12.9921 3.67531 0 
-27.038 5.68518 0 
-11.8878 3.91956 0 
-9.6209 1.20068 0 
-9.86478 1.83107 5.5 
-10.1807 0.169621 5.5 
-8.01183 0.61359 0 
-5.83499 0.265324 5.5 
-9.04201 -1.38897 11 
-3.25157 -0.640858 0 
-2.20044 1.11746 6 
-0.123108 -0.768574 0 
2.01811 -0.558701 0 
2.01231 -1.57163 0 
4.41765 -0.915295 -6 
5.7659 0.597599 0 
8.79857 -1.50668 -11 
8.94458 -0.573925 -5.5 
10.4167 -1.7141 -5.5 
9.92654 -2.46849 0 
10.691 -2.00785 -5.5 
11.0888 -3.29183 -5 
10.9331 -3.35591 0 
11.1142 -3.09949 0 
10.7194 -3.77781 0 
11.1654 -3.42596 0 
9.83002 -3.99943 0 
8.29064 -3.57451 0 
8.44827 -5.52592 10.5 
6.02434 -3.20734 5.5 
6.04321 -4.02968 0 
5.46712 -3.4249 5.5 
16.3801 17.8107 5.5 
-12.1817 3.99358 -5.5 
-12.8243 3.67842 -11 
-13.8068 3.07698 -10.5 
-13.5998 3.11671 0 
-14.148 2.07537 -5.5 
-15.4096 1.4461 0 
-11.0791 4.08701 -5 
-11.8069 1.97589 0 
-10.5466 0.0156517 5 
-12.0555 -0.777653 0 
-9.243 0.23539 -5 
-4.30394 0.47805 5 
-7.11882 0.38781 5.5 
-5.13712 -2.80335 5 
-1.93732 0.172592 5.5 
-2.54219 -0.342655 0 
-1.41599 -1.84619 0 
2.59389 -0.126316 0 
0.655121 0.141579 5.5 
3.63718 -0.458366 0 
5.24828 -0.142429 -5.5 
5.36714 -1.14206 0 
5.28342 0.921543 0 
6.52663 -0.49749 5.5 
6.3501 -1.50626 -5.5 
10.7929 1.30869 -10.5 
8.19737 -0.565845 0 
9.28113 -0.948586 0 
11.0683 -1.63568 0 
10.4837 -2.38862 -5.5 
12.6748 0.445904 0 
11.5122 -1.89577 0 
11.7027 -2.13702 0 
9.22477 -2.15631 5.5 
11.0555 -2.33826 0 
7.25265 -2.23159 10.5 
8.80474 -2.68382 0 
6.59416 -2.70369 5.5 
7.01334 -3.0397 11 
6.47204 -1.74448 11.5 
-10.8887 -1.72636 0 
-5.94247 1.22179 -11.5 
-8.05964 3.07366 -5.5 
-9.83207 2.15738 -5.5 
-10.5297 3.62484 -11 
-13.1973 2.2081 -5 
-11.0346 2.53421 -5.5 
-12.9109 0.54361 0 
-12.2924 3.43085 -5 
-11.9819 0.475021 -5.5 
-12.5229 1.11929 0 
-11.1867 0.975197 -5 
-11.9819 0.430279 5 
-7.3848 1.62428 -5 
-7.31949 0.335232 5 
-10.0431 -1.25148 0 
-2.78937 0.108242 5.5 
-6.25847 -1.74345 0 
-0.748322 0.339069 0 
-1.77361 -0.428783 5 
-0.318802 -0.881836 0 
1.48862 -1.62528 0 
3.36748 0.322056 0 
2.31639 -0.908077 0 
5.10789 -0.541412 0 
7.46671 0.20462 -5 
7.86888 0.142128 0 
9.27559 -0.0636635 5 
8.05354 -0.700218 0 
8.34323 -2.84326 0 
12.2682 -0.27227 -5 
12.8148 0.992577 0 
11.4269 -1.34212 0 
11.3578 -0.259064 0 
10.6501 -1.51652 5 
12.2086 -2.36562 0 
11.698 -1.8923 5.5 
8.8628 -2.96175 5 
9.83717 -2.66232 5.5 
8.43353 -2.15253 5.5 
6.72065 -4.81104 11 
6.96531 -3.31261 11.5 
-5.49471 9.16124 -6 
-7.60155 3.85004 -16.5 
-11.1603 3.76198 -5.5 
-11.0186 3.1792 -10.5 
-12.6553 3.83198 0 
-10.9921 4.1093 -5.5 
-12.6933 2.95815 -10.5 
-12.2334 3.32495 -5 
-12.9648 1.86974 0 
-12.9382 1.99326 0 
-11.0672 1.89968 0 
-12.0357 0.284016 0 
-9.49424 0.555386 5 
-9.56233 0.338516 -5 
-9.99266 -0.440395 10.5 
-6.94557 0.350269 0 
-7.64009 -0.633739 5 
-5.33534 0.214153 0 
-4.36238 -1.32203 5.5 
-2.2652 -0.32922 5 
-0.914688 2.60148 0 
-1.26537 -1.33387 5.5 
-1.07719 -0.188549 0 
0.634033 0.024353 0 
-0.388153 -1.07764 0 
1.493 0.0435104 0 
0.582062 0.717323 0 
-3.0314 -1.28297 0 
4.44684 0.742554 0 
1.25108 2.0556 0 
1.19313 -1.82087 0 
-1.83087 -0.956955 0 
4.87964 0.674595 0 
5.16838 -1.33412 -5.5 
3.26651 1.10429 5.5 
5.88866 -1.18637 -10.5 
4.22466 -0.37492 5 
9.27356 -1.35549 -10.5 
5.79491 -0.399136 10.5 
10.7063 0.305153 -5 
9.78345 -1.39062 -5.5 
11.2894 -1.64875 0 
11.9397 -1.46117 0 
13.1439 -3.89726 0 
12.0631 -2.77767 0 
12.2225 -2.57806 0 
12.8593 -5.02627 0 
11.5318 -4.9834 5.5 
11.3765 -4.27308 5 
8.14837 -5.51978 11 
8.40841 -3.04359 5.5 
5.95571 -4.75403 5.5 
-0.843655 1.15516 5.5 
-5.82204 4.20595 -5.5 
-8.45625 3.72701 -5.5 
-8.22209 3.92959 -5.5 
-7.92918 3.80012 -11 
-10.9584 3.34085 -5 
-10.7397 2.96844 -5.5 
-12.7717 2.92416 0 
-11.2234 4.32787 -10.5 
-13.9232 1.17358 5.5 
-11.091 3.66014 -5.5 
-9.89431 3.27685 -5 
-13.2551 1.7974 5 
-9.88754 1.27274 5.5 
-7.98906 1.40134 -5.5 
-9.86592 -0.224548 5.5 
-8.15263 -0.434605 5 
-8.79579 -1.0978 0 
-6.12944 -1.56151 5.5 
-7.29698 -1.48969 5 
-4.60759 -1.86217 5.5 
-2.36966 -0.945652 0 
-1.97722 -1.09781 5.5 
-2.46136 -1.29406 5.5 
-0.110733 -0.927765 -5.5 
1.55182 -2.25172 0 
-0.243713 -0.460464 0 
3.06844 0.0951462 -5.5 
3.3125 -0.94133 0 
2.47466 -1.00551 0 
3.90027 1.03571 -5.5 
5.46043 0.556206 0 
6.0923 -1.91936 -10.5 
7.21823 0.571709 0 
7.60597 0.0734406 -5 
6.836 -0.478157 0 
7.94649 -1.32915 5 
10.9638 -1.64994 0 
11.5457 -0.995323 -5 
10.1561 -1.56094 0 
10.2185 -2.09299 5 
11.0212 -4.3966 0 
11.4975 -2.27126 0 
10.7862 -4.34612 5.5 
8.82095 -3.04153 5 
10.4452 -5.26044 5.5 
9.37569 -4.93948 5.5 
5.95367 -3.39282 5.5 
6.22422 -2.92524 5.5 
5.54382 -5.01459 11.5 
-0.203602 3.51151 0 
-5.4296 4.74152 -11.5 
-5.20125 4.5088 -5.5 
-7.27554 6.64911 -11 
-8.06761 5.18892 -5.5 
-8.21373 6.30294 -10.5 
-11.9097 6.21552 0 
-11.7876 5.88213 -5 
-12.3902 5.85432 -5.5 
-12.5128 4.95842 -5 
-12.3315 4.91979 0 
-12.2499 2.2823 0 
-12.579 3.03364 10.5 
-10.116 2.65517 -5.5 
-8.24332 1.74349 5.5 
-9.27832 1.36847 0 
-9.6631 -0.166279 5 
-5.76282 0.307926 5.5 
-4.73833 -1.09129 5 
-4.54164 -1.00663 5.5 
-1.28502 -1.14536 0 
-3.98225 -1.61831 0 
2.27817 -1.16146 5.5 
-2.27174 -0.110149 0 
3.50496 -1.56374 0 
1.57054 -0.841457 0 
3.39995 0.402843 -5.5 
2.58707 -0.0719872 0 
3.67287 -0.0506897 0 
5.39923 -0.0449409 -5.5 
5.8015 0.155643 0 
4.9975 -1.74301 -5 
7.44611 1.69883 0 
7.88795 -1.0858 -5.5 
7.49527 -1.53245 0 
9.96767 -1.9109 0 
9.74734 -0.643265 0 
11.2218 -0.563248 -5 
12.6968 -2.68087 -5.5 
11.0494 -2.44926 5.5 
11.9758 -3.18383 -10.5 
9.38622 -4.96188 10.5 
12.5842 -4.78852 5 
8.39529 -3.95156 5.5 
7.62112 -5.99312 5 
8.47315 -5.97715 11 
6.32464 -3.53001 5.5 
6.35862 -2.87631 0 
6.1161 -3.65094 17 
4.46383 -1.33965 0 
3.41138 -2.72522 0 
2.35207 2.03716 0 
0.253207 2.58456 0 
-4.08212 1.9604 -6 
-6.3602 2.79557 6 
-7.6347 5.19848 -17 
-4.64232 3.08405 -5.5 
-9.05325 5.21693 -11 
-9.17551 6.01582 -5 
-8.87949 5.12983 -5.5 
-12.9475 4.79255 -5 
-9.82939 5.86705 -5.5 
-13.0877 4.94799 0 
-14.7663 3.99674 -5 
-11.5016 5.06504 0 
-12.2358 4.26729 0 
-12.5173 0.497589 0 
-10.3576 2.67335 0 
-11.2872 0.911999 5 
-9.56708 -0.0174789 5.5 
-12.4592 1.29045 5 
-11.6464 0.599808 5.5 
-8.71091 -3.56429 10.5 
-0.454987 -0.0660667 0 
-4.66357 -0.938042 5.5 
-5.42372 -0.992847 5.5 
-3.70259 2.36992 11 
1.39252 -1.42162 0 
-2.23433 -1.95458 0 
-0.875168 1.8215 6 
4.16811 -1.86181 0 
3.05972 0.197483 -6 
2.38321 0.652271 0 
-0.400223 -3.28516 0 
4.65747 0.579288 -5.5 
7.61203 1.36031 -5.5 
2.13039 -0.573135 5.5 
9.07951 0.304539 -5.5 
6.65884 -1.13436 -5.5 
10.1728 -1.40648 -5.5 
9.48604 -0.7019 0 
7.46878 -2.06037 -10.5 
14.6037 -1.06971 5 
11.9344 -2.16173 -5 
12.0405 -2.1258 -5.5 
13.5967 -1.50927 0 
12.3095 -4.21875 0 
12.4849 -3.29684 0 
11.6795 -3.92625 5.5 
11.5169 -4.4898 0 
11.1174 -3.99032 0 
9.7952 -3.60025 5 
8.40341 -4.35485 5.5 
7.97857 -3.88381 5.5 
4.59672 -2.14716 5.5 
4.44629 -2.95794 5.5 
1.91279 -2.72669 5.5 
3.40924 -3.53367 6 
-2.87537 2.41257 0 
-0.265109 -2.86612 0 
-0.70755 2.45843 -6 
-2.52693 0.828789 0 
-5.10412 3.54095 6 
-2.54866 2.27705 -6 
-6.24063 3.18919 -5.5 
-8.31809 4.7019 -5.5 
-7.45961 3.53398 -5.5 
-10.0014 5.02505 0 
-9.73025 5.34441 -11 
-12.2399 5.52858 -5 
-12.6764 6.06749 -5.5 
-14.7659 3.74141 0 
-13.8051 6.39532 0 
-12.5456 3.64006 -5 
-12.5789 4.00179 0 
-13.0659 1.19492 0 
-10.3685 2.85564 5 
-12.3237 0.536522 5.5 
-8.32498 1.77615 5 
-9.24553 0.450687 11 
-8.69087 -0.972343 5.5 
-7.8219 -2.10892 5.5 
-5.03546 0.195007 11.5 
-4.71616 0.354565 0 
18.4518 -7.5305 0 
9.62689 1.50011 0 
6.99149 -3.35385 -6 
12.7594 -0.459408 -11 
9.45531 -2.52456 -5.5 
13.2809 -1.21792 0 
10.9766 -3.2351 0 
15.111 -2.87241 -11 
14.8775 -1.96239 -5 
13.7482 -6.28382 0 
13.2838 -3.17578 0 
11.5603 -5.52279 0 
12.4609 -6.61536 5 
9.3147 -4.63112 11 
10.5887 -5.2756 0 
7.35147 -4.47988 5.5 
7.34518 -4.19769 5.5 
5.18715 -4.49235 11.5 
3.29009 -3.01559 0 
1.82325 -1.1145 0 
-1.71144 2.48914 0 
-3.39615 1.50755 0 
-2.88252 2.59346 0 
-5.80534 4.26361 -6 
-4.52132 4.41544 -11 
-7.3391 3.42356 0 
-8.45603 6.23912 -5.5 
-7.8882 4.88789 -5.5 
-8.35278 6.6746 -10.5 
-9.75865 4.48785 -5.5 
-9.45292 6.81673 -10.5 
-11.8036 5.91352 0 
-12.0317 5.31585 -5 
-12.752 4.2634 0 
-12.7366 3.84379 -5 
-12.6287 3.61772 5 
-10.8434 3.8813 -5 
-13.2346 1.11585 0 
-12.3009 0.645664 10 
-10.6718 0.492645 10.5 
-10.8144 -0.887564 5.5 
-7.88135 -0.261415 10.5 
-6.11554 2.02347 5.5 
-4.73222 -4.67005 0 
-4.742 1.58207 11 
-1.32283 -1.56229 5.5 
-0.0335693 -1.00738 0 
-2.41013 -2.30569 6 
5.7959 -2.19971 0 
2.38988 -0.811646 0 
8.57439 0.779625 -6 
1.43753 -3.21221 -5.5 
9.4337 1.0708 0 
9.31862 -0.864697 -11 
6.13304 -3.15178 -5.5 
13.5446 1.87287 0 
11.2621 -1.21991 -5.5 
13.286 -2.17245 -5 
11.522 -2.227 0 
11.5883 -1.7897 0 
14.535 -3.17824 -10.5 
10.6091 -3.62376 5 
13.8738 -2.72313 -5 
12.4231 -3.18694 0 
10.2846 -5.62582 5 
10.823 -3.84775 0 
9.16206 -4.22147 0 
6.61735 -3.2931 5.5 
5.99899 -3.24593 5 
6.45764 -5.56934 11 
4.06036 -2.05308 0 
2.82565 -2.22342 5.5 
2.38493 -2.58582 0 
0.522283 -0.0985413 11 
-0.175385 -0.820557 6 
-0.687259 -0.0375977 -6 
-1.29621 0.305603 0 
-2.67144 2.77687 -5.5 
-3.42249 4.41663 -5.5 
-5.10126 2.09201 0 
-6.98981 2.86317 -5.5 
-6.53424 3.30791 -5.5 
-7.59877 4.49389 -5.5 
-8.34844 3.23386 -5 
-11.8804 3.45777 0 
-10.6508 4.19045 -5.5 
-11.7015 4.35739 0 
-12.3364 4.14091 -5 
-12.8213 3.63283 0 
-13.0398 4.04617 0 
-12.0244 2.92329 5 
-14.2277 0.478012 -5 
-7.60921 3.57281 5 
-9.4724 -1.10038 0 
-10.2747 0.127186 10.5 
-12.5192 -0.797791 5.5 
-5.36592 -0.816753 5.5 
-4.03856 1.27588 0 
-6.14503 -1.89651 11 
-3.6203 -1.30792 5.5 
1.88885 2.2628 6 
-1.30655 -1.88143 0 
-3.58632 -0.108707 0 
0.649597 -2.26374 0 
1.48318 -1.07173 0 
9.70467 0.0616913 0 
3.61375 -1.0614 0 
4.66362 -1.24813 -6 
6.67191 -1.42342 -5.5 
7.74449 -1.49739 0 
10.3722 -0.224537 -11 
8.90367 -1.21504 0 
11.0498 -0.441093 -5.5 
10.1902 -1.71102 5.5 
11.1692 -2.45674 -5.5 
13.2449 -0.579491 -5.5 
11.2941 -2.12476 0 
11.5223 -2.33157 -5 
11.838 -2.63686 0 
10.8048 -2.50554 0 
9.66175 -2.52674 0 
10.6775 -3.14559 5 
6.96156 -3.52151 11 
7.79677 -2.27612 0 
7.56321 -5.14458 5.5 
3.59478 -2.35378 0 
5.85806 -4.15063 5.5 
4.25499 -3.93416 11.5 
2.07729 -2.2301 0 
-0.181826 -0.727745 0 
-1.56369 0.523613 0 
0.137973 0.00618744 0 
-2.58127 3.03311 0 
-4.16485 2.53131 -6 
-4.81313 3.65596 -11 
-6.44193 2.21505 0 
-7.81181 4.32638 -5.5 
-8.43837 3.18559 0 
-6.31615 3.30482 -16 
-11.2617 3.84872 0 
-12.0426 3.44127 0 
-10.5921 5.15912 -5.5 
-12.5804 2.1717 0 
-12.113 3.48915 0 
-13.3271 3.5252 0 
-9.47889 3.26889 0 
-10.5317 1.43343 5.5 
-9.70717 1.68804 -5.5 
-8.29825 1.56496 10.5 
-8.08267 1.06881 5.5 
-7.86534 -0.285526 5.5 
-7.13412 -0.594326 0 
-5.15936 0.686619 5.5 
-3.08128 0.94236 11 
-6.7486 -2.18318 0 
3.50449 2.07701 0 
-3.51656 -2.41121 6 
1.64819 1.20195 0 
0.354523 0.372284 0 
2.19408 -1.69207 0 
1.71725 -0.130264 0 
2.56903 0.701359 -6 
-0.101501 -0.795742 6 
3.00214 -0.0845375 -6 
3.64642 0.289028 0 
6.06693 -0.501045 -5.5 
4.3856 0.187927 -5.5 
7.28456 -0.373531 0 
8.07779 0.664398 -5.5 
7.5656 -1.95841 -5.5 
8.30244 -1.04653 5.5 
10.5263 -0.879364 -5.5 
10.7074 -1.89005 0 
8.87827 -2.28111 0 
12.9768 -1.76237 -5.5 
10.48 -3.6578 0 
11.4697 -6.54277 5.5 
10.0839 -6.36883 5.5 
9.74836 -4.61877 0 
7.78037 -5.78846 5.5 
7.72547 -4.53674 5.5 
8.21009 -8.01788 5.5 
2.98437 -1.53501 6 
-4.30565 -2.22127 0 
-3.81941 2.68508 0 
-4.79613 2.53446 0 
-5.07269 6.93975 -6 
-5.77065 4.06472 -11 
-6.96469 3.08868 0 
-6.67426 5.41357 -5.5 
-8.04848 5.44685 -5.5 
-9.20795 6.35721 -10.5 
-9.62273 4.89433 0 
-10.2256 3.97201 -5.5 
-10.5303 4.73579 0 
-11.1815 2.67609 5.5 
-10.2843 3.38115 0 
-7.93866 2.9452 -5.5 
-9.28574 0.573425 0 
-9.55144 1.05619 5.5 
-6.45531 0.738499 5 
-5.84441 -0.469658 5.5 
-6.74568 0.00125885 5.5 
-1.89026 -0.831459 0 
-4.07741 -1.73601 5.5 
-1.4798 0.356853 5.5 
-4.49094 -2.67545 0 
-1.4554 -0.419636 0 
4.50739 2.44889 5.5 
0.104462 -2.26141 0 
1.74306 0.559101 0 
-2.7092 -2.54002 -5.5 
7.31172 1.51101 0 
3.82484 1.46681 0 
4.77217 -1.49494 -5.5 
5.72226 0.558693 -5.5 
5.56673 -1.10547 0 
8.9902 -0.348339 -5.5 
8.89195 -2.82924 0 
10.8221 -0.700203 0 
10.1739 -2.30629 -5.5 
10.894 -2.33826 -5 
11.6677 -5.40898 0 
11.1632 -2.2615 0 
11.4692 -4.11827 0 
9.9791 -4.89831 5 
11.0933 -5.24 0 
7.66875 -3.06483 11 
8.09177 -4.51467 5.5 
6.30157 -2.40652 0 
5.82453 -3.14883 5.5 
5.7157 -3.70167 5.5 
-2.77067 -1.9379 6 
-4.56308 4.18978 -6 
-7.78515 4.60925 -5.5 
-6.28028 4.76738 -11 
-7.70293 4.59766 0 
-9.16349 7.69746 -5.5 
-10.4136 5.56321 -10.5 
-10.5763 3.0303 0 
-9.8002 5.77968 -5.5 
-10.7258 2.49505 0 
-9.71712 1.1041 0 
-10.0259 0.549091 0 
-9.23399 0.796112 0 
-9.46153 0.206814 5.5 
-6.6257 0.191483 -5.5 
-7.77147 -0.25074 0 
-6.10977 -1.33465 5.5 
-5.42813 0.230598 0 
-5.10538 -1.06202 5 
-2.40167 0.121243 5.5 
-2.99011 -0.307491 0 
-1.11249 0.941288 0 
-1.16788 -0.668339 5.5 
-2.11618 -0.987953 0 
0.544724 1.80785 0 
-2.11183 -3.21061 0 
-0.0800476 -0.476021 5.5 
0.766953 -0.296848 -5.5 
1.43704 2.80785 0 
-1.29781 -0.705746 0 
0.752274 1.3131 0 
0.343094 -1.71619 0 
-2.03734 0.845509 0 
3.46826 -1.67482 0 
-0.337189 0.977173 0 
2.82542 -1.50081 0 
3.28346 0.494808 0 
2.88921 -1.4651 0 
4.08464 0.823212 0 
5.64937 -2.36952 -5.5 
7.62425 -0.494537 0 
6.98482 -1.6161 -5.5 
9.57878 -1.31982 0 
11.0005 -1.4346 0 
12.1632 -2.36193 -5 
12.0675 -1.74004 0 
11.8563 -2.53413 0 
12.7111 -3.79639 5 
11.0835 -4.37988 5.5 
13.0768 -3.55001 -5.5 
10.8478 -3.89424 11 
9.94032 -5.80601 0 
8.02856 -2.29457 5.5 
7.70654 -2.34888 0 
5.71205 -5.00236 17 
3.91822 -2.28421 0 
-2.53549 2.52907 0 
-4.23747 4.52262 -6 
-6.56904 4.28163 -11 
-6.65643 3.98176 -5.5 
-8.57638 4.13709 0 
-8.4616 4.62075 -11 
-10.8636 4.51089 -5 
-11.4457 4.76228 0 
-11.8538 3.46693 0 
-11.0262 2.25468 0 
-9.79538 2.34686 0 
-10.6868 3.30888 0 
-10.65 1.2349 0 
-9.69454 3.15827 0 
-10.9813 0.865726 0 
-8.72647 3.60306 0 
-9.44128 0.334667 5 
-8.16325 1.64327 5.5 
-6.10817 1.29098 5.5 
-5.71567 -0.965073 0 
-4.70572 1.22825 5.5 
-10.4525 -1.11303 11 
-3.45711 -2.3241 6 
-2.77162 -0.117088 0 
-0.476624 0.324669 0 
-0.644272 -1.59195 0 
6.20349 -1.89256 0 
2.37392 -0.475498 0 
2.69417 0.109505 0 
5.25613 -2.22358 -6 
3.80321 -1.45952 0 
5.44168 -1.01938 0 
6.99039 -1.35435 -5.5 
7.00426 -1.80521 -5.5 
15.0599 -1.35593 0 
8.97484 -0.997997 0 
9.95908 -0.301041 -5.5 
11.9835 -0.735065 0 
10.3473 -1.80117 0 
12.0711 -1.61823 0 
12.2137 -3.70586 -11 
10.8021 -2.80211 5.5 
11.7515 -3.21783 0 
10.4888 -2.99286 0 
10.1126 -3.48151 5.5 
10.346 -2.73882 0 
8.22788 -3.41822 5.5 
7.72171 -2.23654 0 
6.77816 -3.85145 5.5 
2.4829 -2.34457 5.5 
2.50988 -2.14033 6 
-3.88125 3.81107 0 
-9.8342 7.33884 0 
-6.44881 4.81078 -11.5 
-6.91808 3.54665 -5.5 
-7.65777 3.87152 -5.5 
-7.88262 2.87019 -5.5 
-11.5704 3.03132 -5.5 
-9.73013 4.48404 -5 
-11.1267 2.6988 -5.5 
-11.848 3.93305 0 
-12.2293 5.40357 -5 
-13.2623 3.02697 0 
-10.7766 2.90681 0 
-12.037 3.41852 0 
-8.02977 2.64131 -5.5 
-10.5883 2.31761 5.5 
-9.95529 -1.7809 0 
-6.73904 1.71095 5 
-8.25943 0.843361 5.5 
-6.32643 -0.53611 5 
-5.04373 -1.24514 5.5 
-6.09169 -2.15842 5.5 
-0.930862 -0.653889 0 
-2.87233 -2.61099 5.5 
3.27814 0.143909 5.5 
-0.0744019 -0.998657 5.5 
-0.495529 -1.41589 6 
2.88673 0.5495 -6 
3.88985 -2.18101 -5.5 
0.138992 -0.321754 0 
2.86078 -0.45945 0 
7.73413 0.81115 -5.5 
7.82616 0.156254 0 
6.81551 -0.177402 -5.5 
8.03206 -2.00547 -5.5 
8.79749 -1.2204 0 
9.64328 -0.00484085 5.5 
10.3929 -2.98331 -5.5 
11.9043 -2.0004 0 
11.5754 -4.70381 0 
11.5964 -4.42526 5.5 
12.9859 -5.6345 -5.5 
11.0166 -4.95156 5.5 
10.1914 -4.80616 0 
8.31839 -4.6271 5.5 
7.54356 -3.74023 5.5 
8.85358 -8.34316 5.5 
2.72864 0.381432 6 
0.818333 -4.67287 0 
-1.31979 2.8218 0 
-6.27962 6.1416 -6 
-5.25121 2.93854 0 
-6.29319 1.94278 0 
-4.97059 5.03221 -11 
-5.91684 3.60649 0 
-6.51446 4.25087 -5.5 
-8.7175 4.12864 -5.5 
-8.21899 5.82792 -10.5 
-9.48383 5.16763 0 
-9.67603 2.80729 -5.5 
-11.1731 4.69958 0 
-8.79581 3.62228 -5 
-11.2467 2.3019 5 
-8.08286 1.73506 -5 
-9.78526 1.74113 0 
-5.95836 1.54053 0 
-8.91951 -0.826447 5 
-10.452 -2.61355 0 
-2.765 0.99622 10.5 
-5.49965 -1.68608 5.5 
-7.9696 -3.23863 5.5 
2.17644 1.5609 5.5 
-2.27725 -1.40433 5.5 
-5.63698 -1.23645 5.5 
3.10425 -0.128784 0 
-4.32204 -1.85551 0 
5.91313 2.16284 0 
-3.40622 -2.8288 0 
0.781204 0.843121 0 
6.60518 2.7197 -5.5 
-1.97585 -2.23519 0 
10.3947 3.68882 -5.5 
3.05113 0.513641 0 
4.26883 -1.17085 -5.5 
5.55533 0.96032 -5.5 
6.82982 -0.107105 0 
6.40105 0.42033 -5.5 
7.08789 -0.222542 0 
7.47632 -0.932091 5.5 
9.5195 1.52732 -5.5 
8.75079 -2.52468 -5 
7.95504 -0.487919 0 
11.2427 0.216682 0 
7.68137 -1.913 -5.5 
10.7416 -0.46394 0 
8.37261 -1.6291 0 
9.41736 -2.3203 0 
8.05416 -2.4275 0 
7.83879 -3.59619 5.5 
7.60266 -1.18303 0 
6.7037 -3.4342 5 
6.93541 -2.50429 0 
4.84225 -2.43166 5.5 
3.9444 -2.51717 5.5 
3.64494 -1.17709 0 
3.26608 -3.81361 5.5 
1.14348 0.342285 5.5 
2.52024 -5.95021 5.5 
1.91183 0.948738 0 
3.20733 5.03358 6 
-1.2911 -6.42985 -6 
-1.86395 2.38688 0 
-2.12194 1.03129 0 
-3.15463 2.59768 -5.5 
-3.18132 1.63262 0 
-3.83871 2.87664 -11 
-4.64177 1.31416 0 
-6.58361 2.43384 0 
-6.77192 1.59855 -5.5 
-8.25974 3.84311 -5.5 
-8.19398 2.85629 -5 
-8.46946 2.55073 0 
-10.6209 3.05752 -5.5 
-10.7175 1.64804 0 
-10.3015 3.74699 0 
-10.0985 1.80513 0 
-12.5766 0.0891609 0 
-6.78507 1.84774 0 
-10.0141 0.445953 0 
-5.67888 1.41748 -5 
-10.9068 -0.69717 5 
-6.55719 -0.382362 0 
-8.72064 0.265167 10.5 
-4.30107 -0.492207 0 
-3.03548 -0.371334 5.5 
-3.22458 0.564285 0 
-3.41263 -1.19086 0 
0.58931 0.900032 5.5 
-1.5354 -1.10946 5.5 
2.97653 0.213711 -5.5 
0.312607 -0.261738 5.5 
2.29048 -0.396152 -5.5 
2.882 -0.332939 0 
3.81923 -1.52389 0 
5.95096 -0.205109 -5.5 
4.8786 0.807648 0 
7.39815 -0.603092 0 
8.20618 0.353851 -10.5 
5.30443 -0.706112 10.5 
11.3331 0.133598 -10.5 
7.0032 -2.18411 0 
9.68812 0.728069 0 
9.31486 -0.938026 -5.5 
9.55755 -0.996094 0 
10.6236 -1.95502 0 
9.58992 -2.62801 0 
9.99451 -3.83138 0 
10.4696 -1.49243 5.5 
8.32716 -2.41383 0 
10.0019 -2.37349 0 
6.77339 -0.548813 0 
6.48756 -3.8209 10.5 
5.51214 -3.37015 5.5 
5.85489 -0.617897 5.5 
3.83902 -2.54286 0 
2.33055 0.184029 0 
3.89355 -1.61688 5.5 
-1.82695 0.593452 5.5 
0.0523455 0.754021 0 
1.56243 -1.95126 0 
-6.3887 -0.147247 0 
2.64732 4.0591 -11 
-4.4247 0.357635 0 
-3.60701 2.411 -5.5 
-5.05671 1.3588 0 
-4.9795 1.59067 0 
-5.70005 2.15452 -11 
-7.96506 1.66163 0 
-10.3394 2.9481 -5 
-8.05086 1.48233 0 
-10.1236 3.07557 -5.5 
-12.2485 2.66627 0 
-10.8447 2.59771 0 
-12.0867 0.987988 0 
-10.0239 1.65223 0 
-10.4595 2.13029 0 
-9.69241 2.14175 0 
-9.63202 -0.414471 5.5 
-7.63818 -0.100895 -5.5 
-7.77037 1.13643 5.5 
-8.03566 -1.02133 5 
-5.52481 -0.392296 5.5 
-5.95984 -1.14069 5.5 
-3.24406 0.712421 5.5 
-3.45432 -0.558533 0 
-4.74223 1.32 11 
-1.41188 -1.01412 0 
-1.21182 0.0569305 6 
-1.01097 -0.161362 0 
1.17131 -1.80322 0 
-0.179855 -0.769619 0 
3.14799 0.273907 0 
1.52173 -0.232132 0 
3.84435 -0.231712 -6 
5.40381 0.955982 0 
4.53381 0.429523 0 
5.67967 -0.22897 -5.5 
7.65044 -1.07297 -5.5 
9.49359 0.371227 -5.5 
6.64635 -0.7635 5.5 
11.3495 -0.784145 -5.5 
9.62091 -1.30373 0 
10.3315 -3.04518 0 
11.2196 -1.99826 -5.5 
10.7221 -0.636806 0 
11.3564 -1.74763 -5.5 
9.17929 -4.22955 5.5 
8.60704 -2.23661 5.5 
10.6273 -2.94192 0 
7.63007 -1.79189 0 
6.94227 -3.25217 0 
6.67451 -1.33096 5.5 
6.94081 -3.52531 0 
5.95741 -2.75843 5.5 
6.1031 -2.99648 11.5 
2.86397 -1.981 0 
4.35924 -1.72016 0 
-6.15409 -0.923943 0 
-1.81996 -0.0927887 0 
-4.20029 3.03771 0 
-5.06038 0.723152 -6 
-6.5135 3.70421 -11 
-6.2465 3.28163 0 
-5.52992 1.95483 -5.5 
-7.43111 4.21165 -5.5 
-9.68274 5.17574 -5.5 
-8.43586 1.01279 -5 
-10.1331 4.72578 0 
-10.6744 2.94372 -5.5 
-10.1168 3.09514 0 
-8.75053 3.64934 0 
-10.2519 2.82193 0 
-9.56631 1.24197 0 
-9.23635 2.60115 0 
-9.96185 0.483799 5.5 
-8.04008 1.9786 0 
-9.02798 -0.714539 0 
-7.31102 -0.287537 10.5 
-4.95668 0.66188 0 
-6.69923 -0.143238 5.5 
-2.47745 -1.06235 5.5 
-3.79224 -0.671692 5.5 
-3.00673 -0.135963 0 
-3.32681 0.28315 5.5 
0.0746002 -0.0502739 6 
0.241913 -1.27297 0 
1.29605 0.664108 0 
1.93153 0.0690765 0 
1.32271 -1.49137 -6 
1.20331 0.217094 0 
3.74136 0.334572 0 
6.71912 -0.700363 -5.5 
4.68401 -2.33089 0 
6.01657 1.55534 -11 
7.29271 -0.5812 0 
6.86859 -0.331314 5.5 
9.54933 -0.288475 -5.5 
10.4736 -0.174107 -5.5 
8.60331 -1.88199 0 
11.1576 -2.56728 -5.5 
10.0315 -2.30627 -5 
10.6608 -1.75948 0 
11.53 -2.38663 0 
9.88638 -2.96587 0 
8.44829 -4.43219 5 
11.2017 -3.37864 0 
8.15564 -3.53115 5.5 
8.10464 -0.785339 0 
6.23101 -2.89911 5.5 
7.23629 -2.32505 0 
6.09695 -1.57096 5.5 
6.608 -4.74711 0 
2.00478 -3.09204 5.5 
4.08365 -1.2236 11.5 
-3.62163 -2.8212 -6 
-3.35837 0.821693 0 
-2.69358 2.51881 -5.5 
-5.36997 2.40189 -5.5 
-7.73188 4.15896 -5.5 
-7.94447 2.60887 0 
-8.02972 4.68825 -5.5 
-10.6851 2.94884 -5.5 
-11.3586 4.95828 0 
-12.2492 4.60965 -5 
-11.258 2.92071 0 
-10.2868 3.89479 0 
-10.2024 2.68786 0 
-10.783 2.44416 0 
-12.1736 0.651608 5 
-10.6372 0.703976 11 
-9.0372 2.12425 0 
-9.13579 0.915222 0 
-10.5122 0.986637 0 
-4.01157 1.56727 11 
-7.36613 1.0457 5.5 
-2.55984 0.0718346 0 
-5.08841 0.344212 6 
0.642639 -0.0516548 0 
-1.7717 -6.02146 0 
9.99455 1.53603 -6 
4.71175 -1.75401 0 
3.16386 -0.317005 0 
6.28883 -0.769474 -5.5 
7.23476 0.97501 -11 
6.07877 -1.40162 5.5 
8.30035 -0.489456 -5.5 
9.30556 0.683159 0 
8.67789 -1.50574 -5.5 
9.90984 -1.31974 0 
10.7496 0.916924 -5.5 
9.09834 -2.72773 -5 
12.3221 -0.688053 0 
10.4525 -2.08219 0 
10.7206 -2.35669 0 
9.7165 -2.71555 0 
10.9242 -0.501015 0 
6.86825 -2.87019 0 
8.57084 -3.41528 5 
6.80253 -3.42706 5.5 
4.953 -3.56232 5.5 
4.72393 -2.03127 5.5 
3.48168 -2.46216 0 
2.44268 -3.92902 11 
2.98898 -2.24023 0 
-7.75224 -8.25448 6 
-3.43228 3.8527 -6 
-3.52829 2.84608 -5.5 
-4.76245 3.92561 -5.5 
-6.20853 3.97267 0 
-5.70808 3.60896 -11 
-7.99613 3.68643 -5.5 
-8.57139 3.52052 -5 
-9.46998 4.59785 0 
-9.67217 4.01205 -5.5 
-11.0994 2.72752 0 
-10.8959 2.63946 0 
-10.3939 2.13001 0 
-10.6637 1.65763 0 
-11.0327 1.01463 5.5 
-9.73914 1.22343 0 
-11.112 -0.342037 10.5 
-9.26947 0.329945 0 
-7.94125 0.600815 0 
-4.26506 1.70352 5.5 
-5.86772 0.598743 5.5 
-7.30824 -1.55332 5.5 
-0.59108 2.21609 5.5 
-4.96266 -0.985813 6 
-5.15952 -2.04723 0 
1.09819 -0.273159 0 
6.20346 1.35881 0 
4.69733 -3.3432 0 
5.60873 -1.33855 0 
5.82623 -0.248615 -6 
7.40419 -0.532871 -11 
5.07307 -1.03809 5.5 
7.11052 -0.759617 -5.5 
8.51974 -0.388885 0 
10.3527 -1.42445 -5.5 
8.85305 -1.25655 0 
9.71697 -0.164333 -5.5 
10.1062 -2.42281 -5.5 
12.2394 0.217827 -5 
9.20297 -2.50352 0 
8.85872 -1.78816 0 
8.46946 -2.88872 0 
8.16355 -0.427551 0 
8.30764 -3.24449 0 
7.11071 -2.60932 0 
6.9719 -3.29555 0 
5.5241 -2.83418 5 
4.86073 -2.36284 5.5 
4.70608 -3.10481 5.5 
3.76975 -2.37904 0 
4.04337 -3.53119 5.5 
1.89624 -0.0513611 0 
1.81582 -1.77128 5.5 
1.35481 -2.35068 5.5 
-0.864626 1.53934 0 
-2.24164 1.82658 -5.5 
-2.3581 1.62492 0 
-2.88693 1.62729 0 
-2.98253 3.09389 -5.5 
-4.70816 2.91438 0 
-5.72101 3.6394 -5.5 
-7.0174 1.95508 0 
-5.70758 4.06144 -5.5 
-8.86856 3.81577 -5.5 
-8.3088 4.41137 -5 
-9.69553 3.55598 0 
-9.48823 3.67402 0 
-11.0147 1.47206 0 
-8.31384 2.57028 -5.5 
-11.0685 2.98132 0 
-8.06445 1.39415 0 
-9.99226 0.433403 0 
-8.31795 1.55974 0 
-7.85234 0.717731 0 
-8.61754 1.27394 5.5 
-6.12605 0.698925 -5.5 
-7.80969 -0.392136 10.5 
-4.80331 1.51683 5.5 
-5.1853 -0.202003 5.5 
-1.66589 -0.115276 0 
-2.07384 -0.692474 0 
-2.45576 -1.049 11 
-0.862549 -0.941544 0 
-0.985489 -0.975433 5.5 
-0.588425 -1.28762 0 
0.761948 -0.640862 0 
1.04588 0.133152 0 
0.866806 -0.505871 0 
1.41029 -0.961342 0 
1.90912 -0.131413 0 
2.04814 -0.380856 0 
3.7912 -0.0898323 -11 
1.79997 -0.287678 5.5 
4.27217 -0.0855064 -5.5 
5.03371 -0.616226 0 
4.39995 -1.289 5.5 
7.1347 -0.649143 0 
9.75301 0.779903 -11 
5.94735 -1.30529 0 
9.33586 -0.21513 0 
8.26819 -1.68097 -5.5 
8.26888 -2.05133 5.5 
10.1331 -1.49173 -11 
10.6072 -1.75696 5.5 
8.95822 -2.7578 0 
9.81604 -3.46667 0 
8.71878 -3.2175 5.5 
8.38082 -4.79489 0 
7.24802 -1.0041 0 
8.10213 -4.37881 0 
5.42235 -3.68319 5.5 
5.60916 -3.02187 0 
2.97405 -2.78879 11 
3.79717 -2.54008 6 
2.5574 -1.55916 0 
-11.0514 2.84385 0 
-5.09403 3.7537 -6 
-6.74548 3.91662 -5.5 
-7.05465 4.02058 -5.5 
-7.93213 4.31919 -5.5 
-9.39832 3.12963 0 
-8.95275 4.96271 -5.5 
-9.35992 3.75772 0 
-8.57256 2.45181 -10.5 
-9.90942 2.69717 0 
-8.44345 2.09038 5 
-7.04751 2.77238 -5 
-9.42995 1.60273 5 
-8.1987 -0.366421 0 
-7.30893 0.534168 0 
-7.86678 -0.887711 11 
-6.34897 0.934753 5.5 
-3.4005 -0.282532 0 
-2.16016 0.913952 -5.5 
-1.21703 -1.49451 0 
-4.11909 -0.888 11 
0.134567 -0.345387 0 
-2.24265 -0.316357 5.5 
-0.116043 -0.193424 0 
0.110046 0.184299 0 
0.60936 0.661003 0 
0.945099 -0.184551 0 
1.24066 -0.125713 0 
1.3389 0.33075 0 
2.30334 -0.103218 -5.5 
2.58572 0.169842 5.5 
5.34261 -0.416119 -5.5 
4.09564 -0.861973 5.5 
5.33658 -1.49808 -5.5 
8.09666 -1.43427 -5.5 
8.673 -1.00256 0 
8.03484 -2.40917 0 
7.61495 -3.66797 0 
10.4905 -0.753578 -5.5 
9.39468 -2.60838 0 
9.82723 -3.68321 0 
9.08422 -4.3792 0 
8.42985 -0.345772 0 
8.90471 -3.96677 5.5 
7.46194 -2.84168 0 
7.2907 -4.46605 0 
5.89117 -1.78564 11 
3.97169 -4.01371 6 
5.73874 -3.36402 0 
-7.75558 3.11009 -6 
-7.05514 4.0326 -5.5 
-5.9876 4.2321 -5.5 
-9.1972 3.16203 0 
-9.03602 5.23035 -5.5 
-9.50787 4.22373 0 
-10.1794 2.43993 0 
-9.64233 4.08156 -11 
-11.6479 2.21609 0 
-8.8672 3.64336 -5 
-10.9359 0.642281 5 
-9.72251 0.589836 0 
-8.10925 1.58856 0 
-9.07199 0.839092 5.5 
-7.10298 1.39798 0 
-6.97372 -0.11462 5.5 
-5.14433 1.62837 0 
-3.8678 1.28366 5.5 
-4.25459 -0.618362 5.5 
-2.65668 2.06284 5.5 
-3.50674 -1.47651 6 
-0.275558 0.063385 0 
-0.741669 -0.931026 0 
-0.509048 0.543571 0 
3.42439 -1.08625 0 
1.10738 -2.58976 0 
3.72961 -0.144493 0 
4.57742 -0.238243 -6 
5.72021 0.483948 0 
6.08578 -0.712048 -5.5 
5.57718 0.272705 -5.5 
9.94115 -2.1474 0 
8.62547 -1.34984 0 
9.07829 -0.536217 0 
11.8238 -1.32899 -5.5 
9.06995 -1.70306 0 
8.53143 -2.73024 0 
11.9 -2.02547 0 
10.0768 -3.4033 0 
9.67067 -2.75317 0 
7.98263 -5.02155 5.5 
7.20208 -2.56665 0 
8.2967 -2.37975 5.5 
8.72424 -6.68815 11.5 
-6.88881 4.62935 0 
-7.22879 3.47213 -6 
-7.70642 3.41674 -5.5 
-6.79438 3.78409 -11 
-9.51625 4.4134 0 
-9.87289 3.86284 0 
-10.1189 4.72703 -16 
-10.5302 5.68232 0 
-11.3237 2.41586 0 
-11.7897 2.90311 0 
-10.1757 1.55464 0 
-12.2189 1.88139 5 
-7.58194 1.33504 -10.5 
-9.4812 -0.00269699 5.5 
-8.29507 0.511269 5 
-5.99599 2.09813 5.5 
-6.38214 1.03497 5.5 
-4.83096 1.7051 5.5 
-5.29962 -0.71468 5.5 
-5.76112 1.51672 5.5 
-5.44373 -2.23174 6 
-3.01263 0.0883904 0 
13.9853 -0.987881 0 
3.61989 -0.614796 0 
2.80788 -1.24966 0 
5.34302 -1.46212 0 
4.95677 -1.01477 -6 
6.46017 1.29916 -5.5 
7.42265 -2.22448 0 
7.65434 0.53883 -5.5 
9.02689 -1.45447 5.5 
9.61913 -2.265 -5.5 
11.1778 -0.945988 -5.5 
10.5962 -2.66853 0 
12.1269 -1.54239 5.5 
12.0286 -3.59135 -5.5 
11.31 -1.93766 0 
12.1292 -2.34392 0 
7.69615 -3.4161 5.5 
8.68205 -3.61135 0 
10.1733 -1.46128 11 
9.82458 -5.63898 -5.5 
8.78246 -2.92196 11.5 
6.16181 -3.13354 0 
3.43714 -6.83166 0 
-16.5632 10.1699 0 
-7.19006 3.24234 0 
-5.9596 3.93288 -11.5 
-9.79261 6.58316 -5.5 
-11.8874 0.695801 -5.5 
-9.46457 7.55001 -5.5 
-14.2727 6.97117 -5.5 
-14.6126 4.9076 -5 
-13.7906 5.78601 0 
-14.351 2.48275 0 
-13.8492 1.99674 5 
-13.1042 -0.370277 0 
-13.4928 -1.03727 0 
-8.01013 -1.12073 11 
-6.21233 -0.28577 0 
-7.09752 -1.24674 11 
-10.2949 -3.78683 5.5 
0.786697 1.71585 6 
7.16243 -1.88153 0 
3.60715 1.24886 0 
7.82301 -1.78119 -6 
5.08492 0.343746 0 
7.54878 -2.22021 -5.5 
9.86925 0.592846 -11 
8.8967 -1.72811 5.5 
10.3226 -1.86875 0 
11.4543 -2.05276 -5.5 
10.3648 -1.1062 0 
12.4046 -2.08948 0 
12.5584 -2.60184 -5.5 
11.3817 -2.63279 0 
10.5932 -3.01345 5.5 
10.1105 -2.72326 0 
12.4793 -3.37827 5.5 
8.88943 -1.30328 0 
8.51365 -7.11983 0 
8.60621 -0.547607 11 
6.06209 -1.71847 6 
10.7731 -3.91274 -6 
-3.1397 6.49002 6 
-9.06163 3.22939 -6 
-11.7506 -0.732422 -11 
-6.61179 8.98175 0 
-10.0151 -0.870781 -5.5 
-10.0485 5.29909 -11 
-11.6512 5.1403 -5 
-13.0406 3.42019 0 
-10.6214 4.59674 -5.5 
-13.1461 4.78335 0 
-11.659 3.98042 0 
-13.1762 2.57853 5.5 
-11.5953 2.06271 0 
-12.4263 0.574577 0 
-11.3938 -0.832745 5 
-8.20502 0.252846 5.5 
-8.53172 -0.762753 11 
-11.6575 -4.57224 5.5 
-3.33841 0.78249 5.5 
-6.30095 -3.03951 6 
17.4969 -2.3696 0 
6.18738 -0.131966 0 
7.64072 0.416626 -6 
8.39481 -1.87411 -5.5 
10.0841 -0.416492 -5.5 
11.1678 -1.23623 0 
12.4039 -1.05746 -5.5 
11.4061 -0.893604 0 
10.7318 -3.15855 0 
13.9086 -0.443935 -5.5 
10.0906 -4.53603 5.5 
8.74941 -3.40672 0 
12.5378 -2.12894 0 
15.2982 0.115166 5.5 
7.34002 -7.77151 -5.5 
6.9543 -0.0800858 5.5 
12.2003 -3.601 5.5 
5.75961 -4.01678 5.5 
2.86083 -1.72957 6 
7.39825 -1.99478 0 
-7.95872 -8.66162 0 
-9.40876 2.34126 -11.5 
-6.84684 4.54739 11.5 
-5.96057 4.27324 0 
-7.37904 4.50163 0 
-6.00266 6.13946 -17 
-8.31474 4.60822 -5.5 
-11.767 5.5799 0 
-8.62959 6.55292 -11 
-11.104 3.57641 -5 
-10.9718 4.07419 0 
-9.83626 3.9369 0 
-11.4291 2.15839 0 
-10.0233 2.27268 0 
-8.66801 1.87779 0 
-9.59158 1.3263 0 
-8.38513 2.41267 -5.5 
-10.8531 -0.28326 16 
-5.97652 -0.16058 5.5 
-6.09331 -0.0348282 0 
-9.47885 -2.58553 11 
0.414337 1.93435 5.5 
-5.46269 -0.962036 0 
33.8526 -7.68811 6 
9.77945 -2.05262 0 
10.8227 -1.84235 0 
13.7507 -1.47059 -11.5 
13.094 -1.62165 -5.5 
13.2243 0.0584793 -5.5 
12.7739 -2.81514 -5.5 
14.1711 -3.00863 0 
13.2398 -4.17081 -5.5 
13.5411 -5.51083 5.5 
11.6544 -4.45604 0 
9.56739 -4.54622 5.5 
8.72573 -3.86479 0 
8.21057 -4.82715 5.5 
5.58462 -1.90568 11 
-16.8809 5.21882 6 
-7.62131 5.44999 -6 
-7.51303 5.69009 -11 
-8.37565 3.86935 0 
-10.9775 4.444 -5.5 
-12.5508 4.00778 -5.5 
-10.8477 4.89932 -5.5 
-10.9015 2.56438 -5 
-10.6553 4.09967 0 
-12.1656 2.43658 0 
-10.4966 2.99754 0 
-10.5556 2.12926 0 
-10.286 0.139961 0 
-8.43604 2.1332 0 
-9.02856 0.89259 10.5 
-8.20471 0.2673 5.5 
-4.6956 0.0730782 0 
-11.3171 -2.88055 11 
-5.34311 -0.322594 5.5 
3.0074 2.44304 6 
24.3516 -11.115 0 
25.5794 -1.99982 0 
10.184 -2.07828 -6 
14.0397 0.711758 -11 
11.0039 -1.78627 0 
12.6978 -1.45864 -5.5 
11.4079 -2.57233 0 
11.0957 -2.34632 0 
12.5995 -2.19666 -5.5 
10.4727 -3.14777 5.5 
10.4816 -2.58086 0 
8.60816 -2.32359 0 
7.36663 -1.73561 0 
6.02587 -2.23977 5.5 
4.27013 -2.97742 0 
5.88307 -3.26225 11 
-9.60916 -5.78551 6 
-7.68442 4.48732 -6 
-6.76986 4.698 -11 
-8.55056 4.92348 -5.5 
-9.14044 4.85825 0 
-11.773 4.69719 -11 
-13.1525 3.56814 0 
-12.0274 6.08226 -5 
-12.8188 3.85587 0 
-12.8003 2.91275 0 
-12.7182 1.91335 0 
-11.9695 2.68839 0 
-11.2965 0.749203 5 
-10.4151 0.640999 0 
-11.1135 0.332417 5.5 
-8.20993 0.163074 5.5 
-5.5201 0.990879 0 
-12.9468 -2.54031 16.5 
-0.650482 1.00733 6 
22.8625 -6.61345 0 
8.0722 -2.04536 -6 
11.1977 -0.772884 6 
13.0417 -1.99498 -17 
11.955 -1.44664 0 
12.3469 -2.39009 -5.5 
13.7247 -2.00064 0 
11.5321 -2.96938 0 
12.7298 -2.8456 0 
11.9287 -3.92421 0 
12.7419 -3.95953 0 
10.599 -4.53009 0 
8.2882 -4.11393 5.5 
9.95785 -5.33822 0 
6.47616 -4.58801 11 
9.81747 -4.44951 6 
0.92945 -1.0236 -6 
-6.45012 4.23341 -5.5 
-6.07268 0.992043 5.5 
-7.30861 4.3105 0 
-7.30615 4.51838 -5.5 
-9.18747 4.94018 -11 
-8.05248 4.54892 0 
-13.8274 5.08237 -11 
-11.6784 3.87571 -5 
-13.0691 5.2882 0 
-12.5928 5.18821 0 
-12.739 4.26574 -5.5 
-13.0614 3.55369 0 
-12.0538 3.41338 0 
-12.6981 2.13021 5.5 
-12.0675 1.71279 0 
-10.2944 1.22385 10.5 
-11.9475 -1.86795 5.5 
-5.75954 1.05593 11 
-5.12219 0.678169 5.5 
18.4906 -8.98757 6 
7.1188 -0.626869 -6 
8.69405 -2.16532 -5.5 
8.83272 -1.11061 0 
12.5372 -2.98647 -5.5 
11.0259 -0.00906754 -5.5 
12.5614 -1.90332 0 
13.0889 -3.38715 0 
11.3994 -3.33654 -5.5 
14.0109 -3.57504 5.5 
11.672 -6.67303 0 
10.7577 -2.81137 0 
9.44729 -6.19569 0 
9.1127 -5.87737 5.5 
9.32633 -7.96586 5.5 
4.79751 -5.59345 11.5 
0.602695 -1.85562 0 
-9.61707 6.6368 0 
-5.12195 5.20471 0 
-4.76979 5.54543 -17 
-6.99596 3.44244 0 
-6.50219 4.97413 -5.5 
-8.52505 7.08549 -16 
-9.83416 5.90726 0 
-9.42974 5.88358 -5.5 
-12.029 3.85552 0 
-12.4923 4.56329 0 
-11.7091 2.89053 0 
-12.7634 3.08541 0 
-10.8272 2.92856 0 
-11.2786 1.12192 5.5 
-7.5433 0.662624 0 
-9.84151 -0.935764 10.5 
-7.71738 0.959629 5.5 
-7.21649 -0.551575 11 
-9.83392 -1.73293 5.5 
-1.46877 1.36696 6 
13.8953 -9.63074 0 
5.16344 -2.08361 0 
6.52025 0.0593948 -11.5 
10.6487 -1.48787 -5.5 
7.16803 -0.973022 5.5 
10.7855 -2.42483 -5.5 
11.8221 -1.88464 -5.5 
11.3025 -2.85078 0 
12.1329 -4.39345 0 
11.6855 -5.64239 0 
11.1495 -4.60421 5.5 
13.8462 -5.68497 0 
9.67007 -6.52163 5.5 
10.8344 -3.35609 5.5 
7.2648 0.758156 6 
9.88933 -4.08527 0 
10.2611 -7.28001 0 
1.0365 -9.16691 0 
-3.67861 10.071 0 
-0.565161 1.77467 0 
4.29315 -14.7244 0 
-3.35931 25.3115 -11.5 
-3.19111 -5.13644 0 
-4.46234 9.71831 -5.5 
-4.70626 -5.17677 0 
-6.22866 4.70428 0 
-9.16133 -0.0595551 0 
-7.72903 4.95943 0 
-6.61794 4.68185 -5.5 
-7.65946 4.18872 -5.5 
-7.2459 4.23247 -10.5 
-9.60654 4.04697 -5.5 
-9.40879 3.29584 5.5 
-10.2697 4.96276 -5.5 
-9.49046 3.82318 0 
-10.0796 2.62328 0 
-10.5659 1.67828 5.5 
-11.4983 1.63378 5 
-7.22159 0.264954 -10.5 
-8.32161 1.24972 10.5 
-7.45627 -0.62085 5.5 
-6.45267 -0.405605 5.5 
-4.95975 0.305408 5.5 
-2.15721 -2.00601 0 
-2.78127 -0.357635 5.5 
-1.61658 -1.49237 5.5 
-1.70407 0.0915642 6 
-0.00404358 -2.96369 0 
-0.232361 0.907772 0 
-3.42125 -2.3176 0 
6.29697 1.04697 0 
1.63547 0.457878 0 
3.02716 -1.15408 0 
0.455338 -1.12373 -6 
8.52046 2.10172 0 
4.60327 -0.435825 -5.5 
10.0687 0.892471 -11 
7.66103 -0.504574 -5.5 
9.05327 -0.728516 5.5 
10.0491 -0.620235 -5.5 
10.0005 -0.6385 0 
12.6973 -0.582699 -5.5 
11.0823 -1.34209 0 
10.4193 -2.25884 -5 
11.3705 -2.8854 0 
11.1439 -1.4641 5 
9.76612 -3.87316 0 
8.99789 -3.26951 5.5 
9.88596 -5.18983 5.5 
8.4409 2.69141 5.5 
13.893 -5.80594 0 
8.40057 -1.21139 11 
3.44136 -4.31906 6 
0.519817 -2.58921 -6 
1.02954 0.257584 6 
-0.256864 -4.35304 0 
-4.86442 -5.22544 -6 
-4.88218 6.20872 0 
-6.27601 4.86827 0 
-8.1137 3.33933 -5.5 
-5.84533 2.59158 -5.5 
-8.50256 5.24406 -5.5 
-8.36621 4.32947 -5.5 
-10.7036 5.81049 -5.5 
-10.9498 4.58397 -5 
-12.441 4.15821 -5.5 
-11.817 3.70163 0 
-12.0232 4.15134 0 
-12.0368 2.9204 5.5 
-11.3043 1.70089 -5.5 
-11.4965 2.48057 5.5 
-9.81337 2.11334 0 
-11.0752 -1.52467 5 
-6.75539 0.836487 5.5 
-7.54536 0.355389 5.5 
-11.3095 -4.05215 11 
-3.75429 -0.534798 5.5 
-1.35284 0.981503 6 
19.3702 -4.72917 0 
7.41498 -0.586494 -6 
7.30737 -0.540836 -5.5 
9.01184 -0.337643 0 
9.47867 0.108559 -5.5 
11.1562 -0.344616 -5.5 
11.4235 0.379238 0 
11.9126 -2.09134 -5.5 
11.0705 -2.35499 5.5 
12.6516 -3.15831 -5.5 
12.8599 -0.890003 -5.5 
12.2853 -4.13498 5.5 
11.4682 -2.51816 0 
9.2205 -2.39162 5.5 
8.3737 -4.66133 5.5 
11.9692 -3.09251 5.5 
12.4923 -2.58472 0 
3.63773 -15.2569 11.5 
-6.05302 5.89175 0 
-6.16121 2.96249 -6 
-7.47376 4.14267 -5.5 
-8.19925 4.40896 -11 
-11.0487 4.36106 0 
-8.98729 5.88408 -11 
-10.1042 5.11189 -5 
-13.6802 4.01804 0 
-12.0353 5.08561 -5.5 
-11.7447 3.30648 0 
-12.8966 4.39521 5.5 
-11.3933 3.42089 -5.5 
-14.7497 1.87116 0 
-6.62631 1.0148 5.5 
-9.56082 0.109947 5 
-11.6771 -0.188469 11 
-7.00288 -1.17655 0 
-5.73203 -0.772484 5.5 
-7.36433 -1.58441 11 
-8.95732 -2.78056 6 
17.2775 -8.06754 0 
7.10909 -0.257713 -6 
6.37914 -1.93012 0 
9.252 -1.05441 0 
9.01837 -0.550175 0 
11.6864 -2.0714 -11 
10.3226 -1.21735 0 
12.271 -0.925785 -5.5 
10.3632 -3.72151 0 
11.9828 -2.30144 0 
12.1179 -3.74717 0 
10.6798 -3.06406 0 
11.2722 -5.41783 5.5 
10.2452 -7.4019 5.5 
8.66936 -3.80891 5.5 
7.91268 -5.59622 6 
-52.4469 31.5705 0 
-13.2404 4.51624 -6 
-13.0834 3.6632 -5.5 
-13.0078 3.11338 0 
-14.2177 0.812141 0 
-9.57625 2.47403 5.5 
-12.8938 -0.0963173 6 
-4.23335 3.45251 0 
-9.12427 -1.92225 0 
0.187378 3.21459 0 
48.9966 -8.47097 0 
14.4433 -0.956085 0 
11.5521 -1.83102 0 
14.2241 -3.01339 -6 
13.7575 -3.56248 6 
12.3954 -2.37538 -6 
10.685 -5.76817 6 
-16.0838 10.7594 0 
-13.7233 3.42207 0 
-13.4934 3.87965 0 
-11.1138 4.21095 0 
-11.6471 2.18186 -6 
31.4396 -2.50837 6 
-11.1782 3.62381 0 
-9.78456 4.30349 0 
-10.4955 1.01278 0 
63.7675 -20.0193 0 
-13.6829 6.32666 0 
-11.3589 5.22583 0 
-12.8544 6.29073 0 
-11.4028 3.58508 -6 
-12.5628 3.40069 6 
-12.6784 2.51659 0 
-10.628 -0.373329 0 
-7.60643 1.87454 0 
98.6143 -26.1776 0 
-16.6358 8.49537 0 
-16.5381 7.79532 -6 
-18.57 5.59163 6 
-15.1386 4.15221 0 
-15.0639 8.39799 0 
-8.7609 -10.8488 0 
16.1536 -2.24088 0 
13.9065 -4.77453 -6 
13.3551 -5.26693 0 
13.8798 -4.29713 -5.5 
10.4474 -5.26155 5.5 
14.1796 -6.6885 0 
9.67357 -4.05197 6 
14.5938 -6.92019 0 
-14.0413 23.0578 -6 
-12.5903 6.78153 6 
-12.65 10.5912 -6 
-37.478 8.06289 0 
-15.8115 5.84469 0 
-18.3565 3.05423 6 
-11.7288 -0.588745 0 
-22.6026 -4.90411 0 
145.762 -21.7486 0 
-41.3129 16.9227 -11.5 
-23.9338 7.06664 0 
-23.4459 4.34945 5.5 
-19.7085 3.0782 6 
55.0206 -33.4112 0 
18.171 -6.74576 0 
35.3309 -9.07568 0 
-18.5215 4.67497 0 
-21.0038 3.87465 0 
-20.3172 6.41535 0 
-17.7673 3.56591 0 
-31.7541 4.81916 0 
59.1181 -9.78506 0 
12.8401 -2.88553 0 
18.4173 -2.86092 0 
13.1772 -4.13953 0 
8.77453 2.48654 0 
-17.4739 6.55478 -6 
-19.1956 5.2064 -5.5 
-13.4195 7.45349 -5.5 
-18.2791 6.5013 0 
-13.4199 6.12988 0 
-19.3982 4.20678 0 
-8.88201 0.334824 0 
-10.1982 0.984127 5.5 
-8.71048 -2.36063 5.5 
-7.02913 -1.67336 6 
-13.778 -5.09137 0 
57.7742 -11.1448 0 
14.0298 -1.93962 0 
13.9332 0.154522 0 
12.7388 -3.17654 -6 
12.2888 -5.04332 6 
14.1195 -1.42868 -6 
13.6767 -3.21385 6 
13.275 -4.1001 0 
8.45593 10.1196 0 
-14.5506 5.49462 -6 
-13.9034 6.76501 -11 
-17.1446 5.08031 0 
-16.8432 3.9969 0 
-19.8459 6.07081 0 
-12.1876 2.9625 0 
-14.0985 1.22598 0 
-12.9511 0.737569 5.5 
-10.825 -2.581 5.5 
-14.9218 -1.45318 6 
-3.23384 0.0589428 0 
-2.23871 -0.346329 0 
-7.48698 -0.709428 0 
50.7957 -8.14165 0 
11.0431 0.215412 0 
12.1534 -1.87289 -6 
12.6587 -2.27526 0 
12.4029 -4.5342 -5.5 
10.4888 -1.84037 5.5 
13.4501 -5.47216 6 
12.8899 -5.04066 0 
12.5849 -5.42248 0 
-28.7214 7.0553 0 
-12.7808 3.826 -6 
-12.8606 3.19658 -5.5 
-12.8144 3.39226 5.5 
-12.3015 2.30656 0 
-12.6469 0.450405 0 
-10.0876 3.26626 0 
-8.24346 2.12121 6 
18.7714 -8.72855 0 
8.89096 1.40828 0 
7.84965 -2.21159 0 
13.0987 -1.2286 0 
12.6831 -3.65665 -6 
10.548 -5.30293 6 
17.722 -2.0924 0 
14.3501 -6.44884 0 
5.00416 4.36647 0 
-14.7169 8.34754 -6 
-10.9948 9.24834 -5.5 
-14.8688 5.46446 0 
-14.7311 2.81156 0 
-13.0575 -0.0848541 0 
-11.9832 -0.0275383 5.5 
-7.11502 -0.666904 0 
-8.62656 0.786695 -5.5 
-5.31559 -4.16622 5.5 
-2.66958 -0.199196 6 
-4.15538 -3.53431 0 
-3.88507 -0.481838 0 
4.33556 -2.8961 0 
1.35417 -0.969013 0 
2.58064 4.53137 0 
3.36111 -0.475748 0 
-1.19239 0.636909 0 
6.52423 0.366442 0 
2.581 -1.12563 0 
1.3735 0.492367 0 
7.39359 -0.0910358 0 
6.14089 -0.625629 0 
3.54842 -0.616793 0 
6.30191 -2.75911 0 
5.99824 -2.16417 0 
9.46989 0.947002 0 
9.42856 -3.64167 0 
9.87506 -2.9535 0 
8.44944 -4.78951 0 
32.3041 -11.6663 0 
-12.6815 5.80161 -6 
-19.2734 3.82297 -11 
-18.0511 6.91153 0 
-18.53 4.35506 5.5 
-16.7724 1.36138 0 
-14.7066 2.01175 11.5 
-12.0516 0.246559 0 
58.0202 -14.3122 0 
15.2023 -1.31355 0 
12.0661 -3.14676 0 
14.0559 -4.25413 0 
14.441 -3.29539 0 
-55.0601 29.8047 -17 
-18.4494 3.3067 5.5 
-17.0628 1.72159 5.5 
-13.0591 0.766039 -5.5 
-12.1745 1.07761 5.5 
-8.33611 -2.06046 6 
-9.12776 -0.517723 0 
70.1354 -21.645 0 
13.2346 -1.96368 0 
17.6641 -4.86667 0 
11.935 -3.97253 0 
12.057 -5.15421 0 
13.0033 -4.31766 0 
-5.47447 5.80749 0 
-12.1142 6.21856 -6 
-12.8891 7.51251 -11 
-18.4964 4.9246 0 
-16.7199 8.10518 0 
-17.1481 4.36926 0 
-15.5805 2.5976 5.5 
-15.3607 1.38403 0 
-9.67107 0.0739708 5.5 
56.1607 -20.1497 6 
13.7143 -2.07693 0 
10.6866 -4.17851 -6 
15.2506 -2.86461 6 
10.9996 -3.16154 0 
-16.7728 1.79095 -6 
-14.9722 7.69595 -11 
-16.7383 5.36123 0 
-16.5359 6.31022 0 
-15.5951 3.26755 0 
-13.3199 2.45858 0 
-10.2658 -0.393745 0 
-10.5396 -0.138271 11 
-12.4317 -2.34883 0 
0.538193 -1.20084 6 
-9.66075 -1.82413 0 
