0.858263 0.0103837 1.18455 0.239925 
0.862233 0.0103937 1.12716 0.255663 
0.859373 0.00821195 1.13161 0.262884 
0.85841 0.0129463 1.14385 0.271418 
0.850131 0.0165535 1.11912 0.253302 
0.84544 0.0167735 1.1459 0.273047 
0.875041 -0.0211451 1.15747 0.313033 
0.90029 -0.0418944 1.22401 0.337951 
0.888197 -0.0244599 1.20096 0.308924 
0.885156 -0.0137982 1.1969 0.313968 
0.880864 -0.00653212 1.15943 0.272216 
0.881201 0.000606023 1.12609 0.261464 
0.876215 0.00301925 1.13866 0.265575 
0.871804 0.00504734 1.13521 0.254082 
0.870598 0.0122388 1.1727 0.247596 
0.86917 0.0153253 1.16614 0.234306 
0.869095 0.0191534 1.12274 0.227055 
0.885231 0.015826 1.13523 0.229527 
0.878956 0.0120766 1.11303 0.228678 
0.873025 0.0143379 1.02359 0.22219 
0.871729 0.0122302 1.03181 0.234829 
0.877889 0.00713439 1.01307 0.156928 
0.900501 -0.00098189 0.978214 0.217876 
0.913039 -0.00707448 0.922718 0.199743 
0.917708 -0.0100758 0.85237 0.193883 
0.939687 -0.0202362 0.832336 0.210342 
0.96932 -0.0483868 0.864644 0.238115 
0.984622 -0.0602777 0.852424 0.237495 
1.01753 -0.0753619 0.818087 0.234903 
1.09688 -0.105091 0.879032 0.258529 
1.12058 -0.13106 0.904017 0.306551 
1.14904 -0.15174 0.877534 0.303515 
1.13749 -0.132229 0.822523 0.328775 
1.13564 -0.122826 0.835882 0.382783 
1.14404 -0.131138 0.797046 0.486086 
1.13283 -0.131658 0.793822 0.477891 
1.1244 -0.235938 0.841775 0.636446 
1.1213 -0.256056 0.886341 0.886605 
1.12508 -0.250741 0.91815 0.762385 
1.12514 -0.260179 0.929126 0.628797 
1.10089 -0.288016 1.0131 1.25674 
1.06928 -0.323558 1.01035 1.14941 
1.04519 -0.340926 0.883943 0.985455 
1.03527 -0.335692 0.881439 1.02737 
1.02754 -0.32719 1.03995 1.76976 
1.00471 -0.33783 1.104 1.86954 
0.989592 -0.349933 1.14694 1.98192 
0.970605 -0.361937 1.19431 2.04358 
0.938292 -0.37733 1.23474 2.03143 
0.866316 -0.374634 1.23633 1.98158 
0.812165 -0.326815 1.24032 1.95492 
0.740981 -0.39235 1.28906 1.82857 
0.670253 -0.427272 1.3283 1.78638 
0.597118 -0.488154 1.38601 1.17013 
0.604338 -0.537768 1.38739 1.35903 
0.525135 -0.527566 1.33786 1.33141 
0.470923 -0.555065 1.35944 1.33008 
0.448526 -0.58298 1.41596 1.32344 
0.443504 -0.565613 1.46128 1.3071 
0.445304 -0.553533 1.48827 1.30244 
0.401832 -0.527141 1.44768 1.25443 
0.344775 -0.385869 1.28699 1.12234 
0.3226 -0.312179 1.31048 1.09394 
0.351494 -0.178383 1.2133 1.04755 
0.346898 -0.14644 1.22332 1.11884 
0.362698 -0.0650683 1.12391 1.00455 
0.38166 -0.0394855 1.04545 0.741838 
0.478921 -0.0426178 1.27624 0.699822 
0.521898 -0.0449585 1.30245 0.673607 
0.410057 -0.131201 1.20529 0.84553 
0.311879 -0.0744246 1.14364 0.744806 
0.255813 0.0512736 1.05075 0.468036 
0.204374 0.172265 0.856111 0.189103 
0.204581 0.21873 0.814557 0.0624195 
0.235303 0.197724 0.83168 0.0675088 
0.337855 0.21317 0.939013 0.150492 
0.37351 0.23893 0.941564 0.287443 
0.390574 0.259398 0.699967 0.243972 
0.487428 0.282918 0.959725 0.374522 
0.489854 0.243885 0.8455 0.408538 
0.545308 0.219593 0.815636 0.412122 
0.605721 0.186785 0.825804 0.314245 
0.662887 0.157015 0.899299 0.200283 
0.692891 0.144236 0.937264 0.135766 
0.731531 0.106327 0.945771 0.182297 
0.743979 0.095772 0.905111 0.155398 
0.761726 0.0835483 0.90486 0.0699007 
0.814914 0.0605216 0.903615 0.0344748 
0.854805 0.0482191 0.904989 0.00998298 
0.875307 0.0466362 0.89994 0.0101253 
0.882256 0.036279 0.821563 0.00594021 
0.903133 0.0373977 0.690623 0.000976562 
1.01244 0.000606485 0.791346 0.0500415 
1.07118 -0.0168991 0.849952 0.0780929 
1.08723 -0.0188516 0.833157 0.065507 
1.09533 -0.0205531 0.813261 0.0669979 
1.13762 -0.0239312 0.820525 0.0793519 
1.13236 -0.0319109 0.769142 0.0830805 
1.16138 -0.0671897 0.871071 0.130308 
1.15868 -0.0689826 0.927778 0.172356 
1.18216 -0.112653 0.939906 0.198114 
1.18275 -0.12668 0.938307 0.218028 
1.19452 -0.152738 0.973062 0.284358 
1.19065 -0.155353 0.949281 0.240703 
1.19373 -0.175049 0.952368 0.267274 
1.19743 -0.249137 1.05215 0.3471 
1.21987 -0.264633 1.02733 0.893733 
1.22207 -0.27568 1.08508 0.449267 
1.21781 -0.284405 1.05686 1.06809 
1.19496 -0.309977 1.06525 1.11791 
1.16657 -0.346363 1.0677 1.20932 
1.1603 -0.352571 1.09258 1.22542 
1.14853 -0.357042 1.11702 1.22682 
1.11249 -0.415192 1.15498 1.26641 
1.10711 -0.427136 1.1619 1.37934 
1.11659 -0.41857 1.17646 1.48209 
1.11252 -0.421434 1.19952 1.54707 
1.12239 -0.410952 1.17172 1.72074 
1.12048 -0.410055 1.18702 1.76551 
1.11972 -0.408161 1.19551 1.87273 
1.10569 -0.424846 1.21778 1.95756 
1.11311 -0.42574 1.02263 1.64339 
1.11165 -0.426026 0.992068 1.73271 
1.09979 -0.429585 0.967736 1.83256 
1.07891 -0.434182 1.05867 1.80922 
1.02004 -0.434465 1.35178 2.02791 
0.96018 -0.439828 1.27125 1.98708 
0.947446 -0.407838 1.32094 1.08797 
0.917597 -0.376608 1.28359 1.9955 
0.910782 -0.359007 1.34823 1.88981 
0.858368 -0.3687 1.31876 1.8605 
0.815728 -0.406774 1.3386 1.56462 
0.768729 -0.420953 1.36892 1.66087 
0.795121 -0.424884 1.433 1.71016 
0.718755 -0.400043 1.31555 1.3945 
0.617535 -0.463082 1.39204 1.54502 
0.639255 -0.443226 1.4219 0.980237 
0.629437 -0.415615 1.37675 1.33966 
0.578235 -0.296031 1.27904 1.50654 
0.556188 -0.255844 1.19969 0.990431 
0.564943 -0.277158 1.25247 1.11364 
0.574251 -0.299572 1.29413 1.15113 
0.576738 -0.297127 1.31983 1.19345 
0.531139 -0.213721 1.21062 1.12966 
0.591537 -0.169248 1.27081 1.16589 
0.586857 -0.211575 1.32573 1.19818 
0.562451 -0.204658 1.30665 1.18361 
0.587523 -0.184737 1.35867 1.13144 
0.604687 -0.20669 1.40802 1.13765 
0.593775 -0.166861 1.36293 0.978759 
0.577659 -0.137492 1.3477 0.937906 
0.500647 -0.102781 1.25933 0.813146 
0.510907 -0.0917632 1.24668 0.963163 
0.456311 -0.0914988 1.18141 0.842513 
0.44072 -0.0640854 1.11814 0.74251 
0.337182 0.0426347 0.952953 0.480324 
0.335761 0.133982 0.829086 0.276141 
0.357936 0.164372 0.856548 0.167937 
0.443116 0.135882 0.857104 0.178439 
0.475118 0.123382 1.03652 0.253439 
0.488005 0.101773 1.02991 0.217201 
0.550789 0.11657 1.06928 0.104003 
0.620002 0.125991 0.984929 0.0227881 
0.61921 0.158817 0.909669 0.0313522 
0.624057 0.167943 0.874062 0.0514794 
0.651147 0.171399 0.836325 0.0743996 
0.748411 0.119012 1.01344 0.022323 
0.790816 0.0903622 0.940001 0.0184131 
0.826144 0.0661881 0.9986 0.036148 
0.847114 0.0592956 0.988965 0.034668 
0.878839 0.0475836 0.940258 0.0457072 
0.920566 0.0517023 0.961958 0.0135933 
0.951234 0.0771733 0.878054 0.0435619 
0.971619 0.0643233 0.967183 0.0288137 
1.02341 0.042581 1.06556 0.0143401 
1.06874 0.0471679 0.875591 0.00405597 
1.06126 0.0488062 0.980437 0.00438095 
1.05022 0.04969 0.803762 0.0102423 
1.04819 0.0506776 0.727277 0.0110917 
1.12184 -0.0142127 0.872803 0.0712766 
1.15944 -0.0474978 0.895031 0.10916 
1.18581 -0.063501 0.925914 0.118479 
1.1927 -0.0599795 0.888766 0.124686 
1.19371 -0.050883 0.828731 0.130146 
1.21332 -0.0555183 0.856808 0.119747 
1.24923 -0.101442 0.926546 0.18931 
1.24752 -0.109984 0.943193 0.204546 
1.28262 -0.158161 1.05162 0.2518 
1.28523 -0.17429 1.06906 0.309776 
1.29383 -0.181747 1.06759 0.33671 
1.30598 -0.178038 1.07125 0.345395 
1.31783 -0.189613 1.07549 0.31291 
1.31664 -0.203555 1.06602 0.353139 
1.29937 -0.244808 1.10462 1.07343 
1.30674 -0.238014 1.10756 1.30502 
1.30361 -0.248266 1.17324 1.33107 
1.27157 -0.280509 1.13288 1.49813 
1.25171 -0.296736 1.08083 0.627727 
1.20546 -0.360694 1.17105 1.56015 
1.16965 -0.400551 1.23782 1.53082 
1.16654 -0.403731 1.20615 1.78527 
1.17477 -0.393825 1.20307 1.7801 
1.20033 -0.364678 0.942969 1.74233 
1.19471 -0.368098 1.20025 2.0857 
1.18563 -0.372019 1.05056 1.84932 
1.17375 -0.377247 1.2145 2.0857 
1.16961 -0.370463 1.2221 2.0857 
1.159 -0.365156 1.22728 2.0857 
1.1394 -0.370947 1.24852 2.0857 
1.06733 -0.422746 1.24044 2.07283 
1.00084 -0.455618 1.23731 1.98155 
0.975659 -0.444866 1.22238 1.99728 
0.970047 -0.429725 1.26387 2.01282 
0.962605 -0.401519 1.27578 2.07997 
0.948795 -0.405201 1.30582 2.0857 
0.899897 -0.416249 1.35211 1.97112 
0.903355 -0.420566 1.42344 1.9166 
0.882897 -0.435897 1.46697 1.91421 
0.82947 -0.431389 1.48095 1.8557 
0.658483 -0.562209 1.42608 1.59906 
0.626043 -0.580938 1.44219 1.51028 
0.648586 -0.550265 1.36356 1.25184 
0.715595 -0.568778 1.47987 1.29724 
0.770733 -0.460301 1.44825 1.29427 
0.775911 -0.433881 1.45379 1.22559 
0.711013 -0.290495 1.28585 1.13858 
0.707824 -0.248903 1.29626 1.11001 
0.670504 -0.224018 1.31197 0.986203 
0.680016 -0.278254 1.41866 1.02318 
0.621393 -0.203956 1.37167 0.878054 
0.574992 -0.139043 1.31863 0.767541 
0.566624 -0.13863 1.31024 0.7581 
0.501161 -0.108144 1.29059 0.932374 
0.495994 0.00687956 1.26474 0.676453 
0.40438 0.173127 0.95748 0.00358812 
0.408465 0.137546 0.957086 0.134046 
0.379512 0.111123 1.01017 0.146027 
0.391546 0.0851044 1.0115 0.152576 
0.399503 0.0874681 1.0776 0.161982 
0.377502 0.106568 1.05662 0.0785052 
0.368708 0.215737 0.880237 0.158225 
0.379144 0.28116 0.87877 0.356949 
0.424834 0.238165 0.801237 0.348885 
0.448509 0.225647 0.796254 0.342339 
0.505511 0.193925 1.01965 0.420025 
0.515564 0.186252 0.879674 0.412583 
0.561256 0.173799 0.891472 0.406267 
0.608171 0.165257 0.881163 0.409814 
0.63901 0.206092 0.866411 0.379856 
0.698753 0.15472 0.852444 0.261593 
0.728522 0.145991 0.87143 0.233849 
0.788307 0.109007 0.854046 0.205807 
0.802306 0.140928 0.856758 0.214703 
0.854067 0.134797 0.86277 0.209629 
0.941817 -0.251753 0.799425 0.153132 
0.77879 -0.134505 0.908315 0.0884414 
0.811371 0.0216831 0.851688 0.0713326 
1.02308 -0.00826386 0.978638 0.292725 
1.3917 -0.0752087 0.951962 0.390863 
1.378 -0.00250327 0.991757 0.566617 
1.37393 0.0348972 0.942267 0.636861 
1.29895 0.0420827 1.01598 0.305223 
1.30884 0.0468122 0.797747 0.0699195 
1.33685 0.0292454 0.832642 0.0463883 
1.25722 -0.0304411 0.814087 0.00941766 
1.22594 -0.0299444 0.856559 0.0339064 
1.24848 -0.0217432 0.794239 0.0512333 
1.21005 -0.0950026 0.946173 0.0959147 
1.16035 -0.154651 0.879456 0.113764 
1.1582 -0.122017 0.910432 0.150879 
1.16744 -0.138516 1.11371 0.168286 
1.24923 -0.134588 0.983929 0.404624 
1.30925 -0.152864 1.02742 0.411254 
1.32504 -0.188832 0.984227 0.44213 
1.35331 -0.193446 1.066 0.529472 
1.397 -0.161309 1.08396 0.579338 
1.37594 -0.162792 1.05221 0.812296 
1.3341 -0.214763 1.06289 0.382747 
1.31165 -0.245468 1.10402 0.61501 
1.31087 -0.258585 1.18259 0.868907 
1.29677 -0.273565 1.14959 0.535085 
1.29369 -0.27617 1.16254 0.606892 
1.29954 -0.270493 1.17903 0.587645 
1.30184 -0.268598 1.17225 0.635207 
1.30348 -0.266682 1.22208 1.40651 
1.30133 -0.269287 1.14821 0.68968 
1.28319 -0.287601 1.19491 1.67748 
1.27957 -0.291193 1.14078 1.68523 
1.23601 -0.334766 1.19294 0.855619 
1.1876 -0.38309 1.25543 0.943586 
1.15125 -0.418897 1.16706 1.73745 
1.1581 -0.411804 1.26504 0.951105 
1.17851 -0.389964 1.25885 0.978863 
1.21482 -0.355576 1.09552 1.68059 
1.22812 -0.342513 1.19922 2.0857 
1.23903 -0.330711 1.17781 2.0857 
1.21051 -0.358384 1.18763 2.0857 
1.19542 -0.369967 1.19379 2.0857 
1.16388 -0.389172 1.2131 2.0857 
1.12909 -0.403562 1.26817 1.23217 
1.10496 -0.398017 1.18614 2.0857 
1.09828 -0.390122 1.21954 2.0857 
1.06654 -0.400748 1.26828 2.0857 
1.05482 -0.389766 1.29462 2.0857 
1.03887 -0.375474 1.27806 2.0857 
1.02635 -0.375657 1.32898 2.0857 
0.974422 -0.367262 1.28993 2.0857 
0.933161 -0.364168 1.27306 2.0857 
0.904022 -0.360754 1.27527 2.04285 
0.787753 -0.370447 1.21878 1.85347 
0.711422 -0.337774 1.15194 1.55608 
0.675972 -0.312555 1.122 1.1628 
0.687926 -0.337161 1.17431 1.51293 
0.682007 -0.346187 1.2303 1.45659 
0.567859 -0.323508 1.08891 1.47333 
0.513827 -0.298058 1.08291 1.20969 
0.562408 -0.265379 1.15916 1.29032 
0.549028 -0.2935 1.16932 1.29049 
0.489126 -0.249761 1.12736 0.967106 
0.465872 -0.207702 1.00157 0.959154 
0.53939 -0.223895 1.16706 1.04525 
0.535291 -0.215108 1.21911 0.997831 
0.532927 -0.197987 1.24312 1.18832 
0.544553 -0.12774 1.26631 0.700189 
0.534148 0.00769913 1.03296 0.62806 
0.55137 -0.00504782 1.15805 0.875201 
0.534752 0.0447402 1.1098 0.723704 
0.534662 0.0712287 1.10083 0.633607 
0.502593 0.0897402 1.06165 0.500872 
0.456449 0.080423 1.05739 0.417744 
0.503465 0.0858048 1.13158 0.409473 
0.47431 0.0785929 1.17139 0.400451 
0.434534 0.0782976 1.14361 0.336582 
0.425582 0.10822 1.06969 0.217999 
0.4244 0.130171 1.0022 0.115909 
0.45919 0.184703 1.06194 0.0486887 
0.506298 0.202651 1.00609 0.0736581 
0.539797 0.266311 1.10628 0.328546 
0.552979 0.267081 0.955658 0.286221 
0.595771 0.271994 0.938373 0.538965 
0.619892 0.247658 1.03982 0.415637 
0.659254 0.190358 1.02144 0.243398 
0.721051 0.132721 1.06575 0.169739 
0.778617 0.116634 1.06669 0.147731 
0.8234 0.0805355 1.02385 0.12722 
0.847773 0.0708384 1.05367 0.122626 
0.897591 0.0730971 1.0446 0.109011 
0.936004 0.058015 1.01752 0.0905614 
0.949476 0.0502046 0.988343 0.0657823 
0.952313 0.0432571 1.00627 0.0712858 
1.0409 -0.173915 0.909631 0.0623085 
1.29886 0.00317988 0.988044 0.0309638 
1.25861 0.0470594 1.11151 0.0578111 
1.20398 0.165637 1.04954 0.0516679 
1.10644 0.0114336 0.83673 0.0518545 
1.29651 -0.0983799 1.05054 0.0788919 
1.35123 -0.0377108 1.01317 0.0179342 
1.44083 0.0272825 0.921219 0.0480588 
1.49091 -0.0641828 0.948291 0.0046451 
1.48913 -0.0678848 1.00869 0.00513277 
1.39551 -0.1733 1.07807 0.133797 
1.38434 -0.186359 1.12317 0.171372 
1.36816 -0.164314 1.26877 0.202255 
1.41134 -0.145378 1.1639 0.174273 
1.43352 -0.130347 1.11603 0.162568 
1.43815 -0.102314 1.01193 0.130855 
1.44917 -0.107935 1.01831 0.179348 
1.45727 -0.104202 1.14066 0.300782 
1.44733 -0.119403 1.00674 0.217355 
1.42676 -0.144028 1.21718 0.440737 
1.41205 -0.148291 1.01042 0.298375 
1.38679 -0.180216 1.05436 0.344053 
1.38046 -0.16959 1.10456 0.754234 
1.33764 -0.204452 1.04236 0.569012 
1.31207 -0.247638 1.09304 0.963046 
1.28692 -0.283761 1.16317 1.00715 
1.26968 -0.298516 1.18279 1.22913 
1.28084 -0.283603 1.20784 1.18181 
1.28039 -0.286999 1.08716 0.963164 
1.26579 -0.303358 1.01154 0.700248 
1.25507 -0.315424 0.854852 1.02398 
1.20599 -0.364805 1.06749 1.35243 
1.18895 -0.381798 1.10624 1.1171 
1.15518 -0.413111 1.14111 1.29346 
1.18173 -0.3794 1.16688 0.975938 
1.181 -0.375399 1.0933 1.92924 
1.1973 -0.362477 1.14943 1.78732 
1.18694 -0.362723 0.997402 1.4726 
1.15441 -0.36021 1.1726 2.03435 
1.14382 -0.364561 1.21781 2.0857 
1.12603 -0.37753 1.23545 1.98333 
1.12974 -0.375468 1.29414 2.0857 
1.12106 -0.382284 1.32466 2.0857 
1.10726 -0.38595 1.35399 2.0857 
1.09803 -0.391873 1.36321 1.52645 
1.05907 -0.400623 1.32835 1.47427 
1.01125 -0.386203 1.22462 2.0857 
0.967759 -0.370817 1.21639 2.0857 
0.932982 -0.366894 1.25431 2.0857 
0.905833 -0.350347 1.21154 1.30294 
0.867535 -0.308968 1.19572 1.68464 
0.784592 -0.319187 1.11507 1.64764 
0.781839 -0.335727 1.1469 1.82923 
0.74814 -0.314321 1.13092 1.56106 
0.732423 -0.305865 1.14021 1.59068 
0.747415 -0.314313 1.1939 1.64639 
0.705393 -0.340898 1.24054 1.57866 
0.698807 -0.356201 1.28338 1.51476 
0.717298 -0.420151 1.33165 1.65369 
0.733388 -0.428129 1.35191 1.37067 
0.705965 -0.395163 1.30569 1.32265 
0.681571 -0.389287 1.27518 1.27377 
0.532395 -0.301297 1.13276 1.1844 
0.498984 -0.25188 1.07859 1.24826 
0.455408 -0.15925 0.972919 1.09525 
0.472666 -0.203045 1.03944 1.09216 
0.46155 -0.144602 1.01696 1.07474 
0.452473 -0.00478715 0.880536 0.96402 
0.447666 0.0611959 0.857387 0.624443 
0.500078 0.075585 0.894767 0.448736 
0.43051 0.180275 0.67737 0.306291 
0.353253 0.208427 0.765526 0.278679 
0.233678 0.26285 0.582661 0.0991569 
0.209196 0.255808 0.585449 0.0717803 
0.200249 0.263823 0.572383 0.029529 
0.296505 0.276175 0.645885 0.0151605 
0.29033 0.258196 0.675248 0.00937961 
0.33073 0.261551 0.742451 0.00290927 
0.314069 0.255824 0.717035 0.00428465 
0.342829 0.253707 0.760253 0.0299658 
0.339497 0.24845 0.733542 0.042565 
0.37804 0.253197 0.707204 0.0864458 
0.398166 0.233415 0.757396 0.0806008 
0.532482 0.227692 0.771274 0.0980909 
0.597406 0.195062 0.789712 0.139508 
0.583688 0.179244 0.685021 0.19332 
0.624595 0.166182 0.750245 0.240635 
0.667583 0.129115 0.643829 0.172474 
0.68833 0.140067 0.63344 0.149788 
0.771278 0.0859695 0.738633 0.0821756 
0.853005 0.0539407 0.747097 0.0632868 
0.879311 0.0324827 0.763486 0.0400209 
0.89112 0.0168329 0.788685 0.0410301 
1.14273 -0.0776047 0.729389 0.0526058 
1.14271 -0.0248246 0.796767 0.0469835 
1.13937 -0.0302199 0.786665 0.0110162 
1.12789 -0.00213516 0.753285 0.0115704 
1.16257 -0.0218072 0.77468 0.0148907 
1.19298 -0.0903591 0.929301 0.100988 
1.20422 -0.125715 1.00382 0.149408 
1.26876 -0.202047 1.20054 0.218551 
1.30442 -0.216193 1.25508 0.246976 
1.31376 -0.222117 1.26138 0.266549 
1.30337 -0.2319 1.14226 0.37696 
1.23526 -0.315091 1.20313 0.344516 
1.23061 -0.325184 1.21504 0.398608 
1.18844 -0.367133 1.26556 0.371571 
1.16031 -0.39917 1.18826 0.609418 
1.1497 -0.417166 1.19433 0.688872 
1.11035 -0.452457 1.18197 0.757258 
1.14889 -0.413597 1.1459 0.81986 
1.10355 -0.450709 1.11186 0.978504 
1.09924 -0.45507 1.15282 1.13472 
1.24924 -0.314594 1.16771 1.22836 
1.17826 -0.382211 1.19479 1.43856 
1.16023 -0.398419 1.26679 1.32659 
1.14652 -0.409783 1.30919 0.807909 
1.15122 -0.376194 1.29404 1.79769 
1.11666 -0.403747 1.22969 1.83102 
1.09474 -0.427405 1.28327 1.98238 
1.09413 -0.45223 1.31292 2.02896 
1.05205 -0.445123 1.30917 1.9216 
1.06113 -0.423123 1.32728 1.03555 
1.05796 -0.40235 1.28043 2.05666 
1.2071 -0.301987 1.30944 1.17443 
1.37266 -0.12189 1.36642 1.13687 
1.44344 -0.0638173 1.51937 1.98946 
1.25697 -0.1742 1.414 1.5895 
1.22827 -0.272786 1.38802 1.67929 
0.934106 -0.590103 1.41047 1.33687 
0.666782 -0.46213 1.46188 1.62369 
0.814801 0.3142 1.5446 1.27659 
0.70872 -0.0949011 1.5446 1.27441 
0.693853 -0.242878 1.5446 1.19198 
0.809585 0.148318 1.25655 1.43088 
1.28445 -0.115208 1.5446 1.9435 
1.10122 -0.0446894 1.46299 1.56859 
0.972538 0.0645301 1.44028 1.34455 
0.943951 -0.152569 1.5446 1.56518 
0.751412 -0.508535 1.54494 1.16341 
0.744562 -0.442375 1.5446 1.08122 
1.16575 -0.399847 1.5446 1.13884 
1.07661 -0.427296 1.5446 0.992787 
1.03441 -0.446942 1.5446 0.939287 
1.34886 -0.195605 1.5446 0.914143 
1.19701 -0.255806 1.10624 0.622535 
1.20308 -0.300255 1.1635 0.558268 
1.27182 -0.252272 1.15443 0.548941 
1.33198 -0.194317 1.12038 0.428428 
1.31873 -0.238942 1.18945 0.414096 
