-0.603628 0.342489 -0.717464 1.83797 
-0.887441 0.536118 -0.859544 1.86274 
-0.916445 0.574527 -0.861193 1.8512 
-0.920674 0.616909 -0.747182 1.74795 
-0.959512 0.767804 -0.446808 1.46633 
-0.980259 0.942486 -0.000984971 1.05841 
-0.831373 0.843046 0.305072 0.825084 
-0.652444 0.673671 0.515281 0.688297 
-0.552504 0.584005 0.623996 0.618465 
-0.510264 0.556468 0.669011 0.593513 
-0.488699 0.552521 0.69257 0.585354 
-0.472772 0.556003 0.705692 0.581094 
-0.457624 0.562298 0.710192 0.576135 
-0.441875 0.570131 0.706234 0.568746 
-0.425394 0.578733 0.693531 0.558363 
-0.408504 0.587 0.672139 0.545607 
-0.391764 0.593147 0.643237 0.53275 
-0.375973 0.594575 0.60935 0.523849 
-0.362162 0.588156 0.573806 0.524017 
-0.351345 0.57115 0.539661 0.537771 
-0.344018 0.54258 0.508767 0.566975 
-0.339666 0.504325 0.481464 0.609502 
-0.336776 0.460846 0.456887 0.659765 
-0.333577 0.41722 0.433648 0.711262 
-0.328977 0.376888 0.410562 0.759403 
-0.322897 0.340966 0.387103 0.802443 
-0.3159 0.309141 0.363437 0.840501 
-0.308696 0.280803 0.340204 0.874205 
-0.301871 0.255612 0.318249 0.903951 
-0.295819 0.233562 0.2984 0.929774 
-0.290752 0.214814 0.281318 0.951513 
-0.28674 0.199509 0.267399 0.969019 
-0.283746 0.187643 0.256752 0.982311 
-0.281655 0.179029 0.249223 0.991622 
-0.280314 0.173317 0.244464 0.997379 
-0.279552 0.170051 0.242011 1.00014 
-0.279205 0.16873 0.241354 1.00052 
-0.279128 0.168857 0.241994 0.999145 
-0.279201 0.169974 0.243477 0.996575 
-0.279334 0.171681 0.245415 0.993314 
-0.279461 0.173649 0.247496 0.989777 
-0.279543 0.175621 0.249487 0.986289 
-0.279559 0.177409 0.251229 0.983087 
-0.279505 0.178893 0.25263 0.980326 
-0.279385 0.180008 0.25365 0.978088 
-0.279212 0.180736 0.254297 0.976395 
-0.279002 0.181099 0.254607 0.975222 
-0.27877 0.18114 0.254634 0.974514 
-0.278529 0.180919 0.254445 0.974191 
-0.278292 0.180504 0.254103 0.974169 
-0.278068 0.179959 0.25367 0.974364 
-0.277862 0.179342 0.253195 0.974698 
-0.277677 0.178702 0.25272 0.975105 
-0.277516 0.178078 0.252272 0.975535 
-0.277379 0.177495 0.251873 0.975951 
-0.277263 0.17697 0.25153 0.976326 
-0.277166 0.176513 0.251249 0.976649 
-0.277087 0.176123 0.251026 0.976914 
-0.277022 0.175797 0.250856 0.977123 
-0.27697 0.17553 0.250731 0.977281 
-0.276926 0.175313 0.250644 0.977397 
-0.276891 0.175136 0.250584 0.977479 
-0.276861 0.174993 0.250546 0.977536 
-0.276835 0.174874 0.250523 0.977576 
-0.276813 0.174774 0.250508 0.977605 
-0.276793 0.174688 0.250499 0.977629 
-0.276776 0.174612 0.250492 0.977652 
-0.27676 0.174543 0.250486 0.977674 
-0.276746 0.174479 0.25048 0.977698 
-0.276733 0.174419 0.250473 0.977724 
-0.276721 0.174363 0.250465 0.977752 
-0.27671 0.174311 0.250458 0.977781 
-0.276701 0.174262 0.25045 0.97781 
-0.276692 0.174217 0.250444 0.977839 
-0.276685 0.174176 0.250438 0.977866 
-0.276679 0.174139 0.250433 0.977892 
-0.276673 0.174106 0.25043 0.977915 
-0.276669 0.174077 0.250428 0.977936 
-0.276665 0.174052 0.250428 0.977954 
-0.276662 0.174031 0.250429 0.97797 
-0.603628 0.342489 -0.717464 1.83797 
-0.887441 0.536118 -0.859544 1.86274 
-0.916445 0.574527 -0.861193 1.8512 
-0.920674 0.616909 -0.747182 1.74795 
-0.959512 0.767804 -0.446808 1.46633 
-0.980259 0.942486 -0.000984971 1.05841 
-0.831373 0.843046 0.305072 0.825084 
-0.652444 0.673671 0.515281 0.688297 
-0.552504 0.584005 0.623996 0.618465 
-0.510264 0.556468 0.669011 0.593513 
-0.488699 0.552521 0.69257 0.585354 
-0.472772 0.556003 0.705692 0.581094 
-0.457624 0.562298 0.710192 0.576135 
-0.441875 0.570131 0.706234 0.568746 
-0.425394 0.578733 0.693531 0.558363 
-0.408504 0.587 0.672139 0.545607 
-0.391764 0.593147 0.643237 0.53275 
-0.375973 0.594575 0.60935 0.523849 
-0.362162 0.588156 0.573806 0.524017 
-0.351345 0.57115 0.539661 0.537771 
-0.344018 0.54258 0.508767 0.566975 
-0.339666 0.504325 0.481464 0.609502 
-0.336776 0.460846 0.456887 0.659765 
-0.333577 0.41722 0.433648 0.711262 
-0.328977 0.376888 0.410562 0.759403 
-0.322897 0.340966 0.387103 0.802443 
-0.3159 0.309141 0.363437 0.840501 
-0.308696 0.280803 0.340204 0.874205 
-0.301871 0.255612 0.318249 0.903951 
-0.295819 0.233562 0.2984 0.929774 
-0.290752 0.214814 0.281318 0.951513 
-0.28674 0.199509 0.267399 0.969019 
-0.283746 0.187643 0.256752 0.982311 
-0.281655 0.179029 0.249223 0.991622 
-0.280314 0.173317 0.244464 0.997379 
-0.279552 0.170051 0.242011 1.00014 
-0.279205 0.16873 0.241354 1.00052 
-0.279128 0.168857 0.241994 0.999145 
-0.279201 0.169974 0.243477 0.996575 
-0.279334 0.171681 0.245415 0.993314 
-0.279461 0.173649 0.247496 0.989777 
-0.279543 0.175621 0.249487 0.986289 
-0.279559 0.177409 0.251229 0.983087 
-0.279505 0.178893 0.25263 0.980326 
-0.279385 0.180008 0.25365 0.978088 
-0.279212 0.180736 0.254297 0.976395 
-0.279002 0.181099 0.254607 0.975222 
-0.27877 0.18114 0.254634 0.974514 
-0.278529 0.180919 0.254445 0.974191 
-0.278292 0.180504 0.254103 0.974169 
-0.278068 0.179959 0.25367 0.974364 
-0.277862 0.179342 0.253195 0.974698 
-0.277677 0.178702 0.25272 0.975105 
-0.277516 0.178078 0.252272 0.975535 
-0.277379 0.177495 0.251873 0.975951 
-0.277263 0.17697 0.25153 0.976326 
-0.277166 0.176513 0.251249 0.976649 
-0.277087 0.176123 0.251026 0.976914 
-0.277022 0.175797 0.250856 0.977123 
-0.27697 0.17553 0.250731 0.977281 
-0.276926 0.175313 0.250644 0.977397 
-0.276891 0.175136 0.250584 0.977479 
-0.276861 0.174993 0.250546 0.977536 
-0.276835 0.174874 0.250523 0.977576 
-0.276813 0.174774 0.250508 0.977605 
-0.276793 0.174688 0.250499 0.977629 
-0.276776 0.174612 0.250492 0.977652 
-0.27676 0.174543 0.250486 0.977674 
-0.276746 0.174479 0.25048 0.977698 
-0.276733 0.174419 0.250473 0.977724 
-0.276721 0.174363 0.250465 0.977752 
-0.27671 0.174311 0.250458 0.977781 
-0.276701 0.174262 0.25045 0.97781 
-0.276692 0.174217 0.250444 0.977839 
-0.276685 0.174176 0.250438 0.977866 
-0.276679 0.174139 0.250433 0.977892 
-0.276673 0.174106 0.25043 0.977915 
-0.276669 0.174077 0.250428 0.977936 
-0.276665 0.174052 0.250428 0.977954 
-0.276662 0.174031 0.250429 0.97797 
-0.603628 0.342489 -0.717464 1.83797 
-0.887441 0.536118 -0.859544 1.86274 
-0.916445 0.574527 -0.861193 1.8512 
-0.920674 0.616909 -0.747182 1.74795 
-0.959512 0.767804 -0.446808 1.46633 
-0.980259 0.942486 -0.000984971 1.05841 
-0.831373 0.843046 0.305072 0.825084 
-0.652444 0.673671 0.515281 0.688297 
-0.552504 0.584005 0.623996 0.618465 
-0.510264 0.556468 0.669011 0.593513 
-0.488699 0.552521 0.69257 0.585354 
-0.472772 0.556003 0.705692 0.581094 
-0.457624 0.562298 0.710192 0.576135 
-0.441875 0.570131 0.706234 0.568746 
-0.425394 0.578733 0.693531 0.558363 
-0.408504 0.587 0.672139 0.545607 
-0.391764 0.593147 0.643237 0.53275 
-0.375973 0.594575 0.60935 0.523849 
-0.362162 0.588156 0.573806 0.524017 
-0.351345 0.57115 0.539661 0.537771 
-0.344018 0.54258 0.508767 0.566975 
-0.339666 0.504325 0.481464 0.609502 
-0.336776 0.460846 0.456887 0.659765 
-0.333577 0.41722 0.433648 0.711262 
-0.328977 0.376888 0.410562 0.759403 
-0.322897 0.340966 0.387103 0.802443 
-0.3159 0.309141 0.363437 0.840501 
-0.308696 0.280803 0.340204 0.874205 
-0.301871 0.255612 0.318249 0.903951 
-0.295819 0.233562 0.2984 0.929774 
-0.290752 0.214814 0.281318 0.951513 
-0.28674 0.199509 0.267399 0.969019 
-0.283746 0.187643 0.256752 0.982311 
-0.281655 0.179029 0.249223 0.991622 
-0.280314 0.173317 0.244464 0.997379 
-0.279552 0.170051 0.242011 1.00014 
-0.279205 0.16873 0.241354 1.00052 
-0.279128 0.168857 0.241994 0.999145 
-0.279201 0.169974 0.243477 0.996575 
-0.279334 0.171681 0.245415 0.993314 
-0.279461 0.173649 0.247496 0.989777 
-0.279543 0.175621 0.249487 0.986289 
-0.279559 0.177409 0.251229 0.983087 
-0.279505 0.178893 0.25263 0.980326 
-0.279385 0.180008 0.25365 0.978088 
-0.279212 0.180736 0.254297 0.976395 
-0.279002 0.181099 0.254607 0.975222 
-0.27877 0.18114 0.254634 0.974514 
-0.278529 0.180919 0.254445 0.974191 
-0.278292 0.180504 0.254103 0.974169 
-0.278068 0.179959 0.25367 0.974364 
-0.277862 0.179342 0.253195 0.974698 
-0.277677 0.178702 0.25272 0.975105 
-0.277516 0.178078 0.252272 0.975535 
-0.277379 0.177495 0.251873 0.975951 
-0.277263 0.17697 0.25153 0.976326 
-0.277166 0.176513 0.251249 0.976649 
-0.277087 0.176123 0.251026 0.976914 
-0.277022 0.175797 0.250856 0.977123 
-0.27697 0.17553 0.250731 0.977281 
-0.276926 0.175313 0.250644 0.977397 
-0.276891 0.175136 0.250584 0.977479 
-0.276861 0.174993 0.250546 0.977536 
-0.276835 0.174874 0.250523 0.977576 
-0.276813 0.174774 0.250508 0.977605 
-0.276793 0.174688 0.250499 0.977629 
-0.276776 0.174612 0.250492 0.977652 
-0.27676 0.174543 0.250486 0.977674 
-0.276746 0.174479 0.25048 0.977698 
-0.276733 0.174419 0.250473 0.977724 
-0.276721 0.174363 0.250465 0.977752 
-0.27671 0.174311 0.250458 0.977781 
-0.276701 0.174262 0.25045 0.97781 
-0.276692 0.174217 0.250444 0.977839 
-0.276685 0.174176 0.250438 0.977866 
-0.276679 0.174139 0.250433 0.977892 
-0.276673 0.174106 0.25043 0.977915 
-0.276669 0.174077 0.250428 0.977936 
-0.276665 0.174052 0.250428 0.977954 
-0.276662 0.174031 0.250429 0.97797 
-0.603628 0.342489 -0.717464 1.83797 
-0.887441 0.536118 -0.859544 1.86274 
-0.916445 0.574527 -0.861193 1.8512 
-0.920674 0.616909 -0.747182 1.74795 
-0.959512 0.767804 -0.446808 1.46633 
-0.980259 0.942486 -0.000984971 1.05841 
-0.831373 0.843046 0.305072 0.825084 
-0.652444 0.673671 0.515281 0.688297 
-0.552504 0.584005 0.623996 0.618465 
-0.510264 0.556468 0.669011 0.593513 
-0.488699 0.552521 0.69257 0.585354 
-0.472772 0.556003 0.705692 0.581094 
-0.457624 0.562298 0.710192 0.576135 
-0.441875 0.570131 0.706234 0.568746 
-0.425394 0.578733 0.693531 0.558363 
-0.408504 0.587 0.672139 0.545607 
-0.391764 0.593147 0.643237 0.53275 
-0.375973 0.594575 0.60935 0.523849 
-0.362162 0.588156 0.573806 0.524017 
-0.351345 0.57115 0.539661 0.537771 
-0.344018 0.54258 0.508767 0.566975 
-0.339666 0.504325 0.481464 0.609502 
-0.336776 0.460846 0.456887 0.659765 
-0.333577 0.41722 0.433648 0.711262 
-0.328977 0.376888 0.410562 0.759403 
-0.322897 0.340966 0.387103 0.802443 
-0.3159 0.309141 0.363437 0.840501 
-0.308696 0.280803 0.340204 0.874205 
-0.301871 0.255612 0.318249 0.903951 
-0.295819 0.233562 0.2984 0.929774 
-0.290752 0.214814 0.281318 0.951513 
-0.28674 0.199509 0.267399 0.969019 
-0.283746 0.187643 0.256752 0.982311 
-0.281655 0.179029 0.249223 0.991622 
-0.280314 0.173317 0.244464 0.997379 
-0.279552 0.170051 0.242011 1.00014 
-0.279205 0.16873 0.241354 1.00052 
-0.279128 0.168857 0.241994 0.999145 
-0.279201 0.169974 0.243477 0.996575 
-0.279334 0.171681 0.245415 0.993314 
-0.279461 0.173649 0.247496 0.989777 
-0.279543 0.175621 0.249487 0.986289 
-0.279559 0.177409 0.251229 0.983087 
-0.279505 0.178893 0.25263 0.980326 
-0.279385 0.180008 0.25365 0.978088 
-0.279212 0.180736 0.254297 0.976395 
-0.279002 0.181099 0.254607 0.975222 
-0.27877 0.18114 0.254634 0.974514 
-0.278529 0.180919 0.254445 0.974191 
-0.278292 0.180504 0.254103 0.974169 
-0.278068 0.179959 0.25367 0.974364 
-0.277862 0.179342 0.253195 0.974698 
-0.277677 0.178702 0.25272 0.975105 
-0.277516 0.178078 0.252272 0.975535 
-0.277379 0.177495 0.251873 0.975951 
-0.277263 0.17697 0.25153 0.976326 
-0.277166 0.176513 0.251249 0.976649 
-0.277087 0.176123 0.251026 0.976914 
-0.277022 0.175797 0.250856 0.977123 
-0.27697 0.17553 0.250731 0.977281 
-0.276926 0.175313 0.250644 0.977397 
-0.276891 0.175136 0.250584 0.977479 
-0.276861 0.174993 0.250546 0.977536 
-0.276835 0.174874 0.250523 0.977576 
-0.276813 0.174774 0.250508 0.977605 
-0.276793 0.174688 0.250499 0.977629 
-0.276776 0.174612 0.250492 0.977652 
-0.27676 0.174543 0.250486 0.977674 
-0.276746 0.174479 0.25048 0.977698 
-0.276733 0.174419 0.250473 0.977724 
-0.276721 0.174363 0.250465 0.977752 
-0.27671 0.174311 0.250458 0.977781 
-0.276701 0.174262 0.25045 0.97781 
-0.276692 0.174217 0.250444 0.977839 
-0.276685 0.174176 0.250438 0.977866 
-0.276679 0.174139 0.250433 0.977892 
-0.276673 0.174106 0.25043 0.977915 
-0.276669 0.174077 0.250428 0.977936 
-0.276665 0.174052 0.250428 0.977954 
-0.276662 0.174031 0.250429 0.97797 
-0.603628 0.342489 -0.717464 1.83797 
-0.887441 0.536118 -0.859544 1.86274 
-0.916445 0.574527 -0.861193 1.8512 
-0.920674 0.616909 -0.747182 1.74795 
-0.959512 0.767804 -0.446808 1.46633 
-0.980259 0.942486 -0.000984971 1.05841 
-0.831373 0.843046 0.305072 0.825084 
-0.652444 0.673671 0.515281 0.688297 
-0.552504 0.584005 0.623996 0.618465 
-0.510264 0.556468 0.669011 0.593513 
-0.488699 0.552521 0.69257 0.585354 
-0.472772 0.556003 0.705692 0.581094 
-0.457624 0.562298 0.710192 0.576135 
-0.441875 0.570131 0.706234 0.568746 
-0.425394 0.578733 0.693531 0.558363 
-0.408504 0.587 0.672139 0.545607 
-0.391764 0.593147 0.643237 0.53275 
-0.375973 0.594575 0.60935 0.523849 
-0.362162 0.588156 0.573806 0.524017 
-0.351345 0.57115 0.539661 0.537771 
-0.344018 0.54258 0.508767 0.566975 
-0.339666 0.504325 0.481464 0.609502 
-0.336776 0.460846 0.456887 0.659765 
-0.333577 0.41722 0.433648 0.711262 
-0.328977 0.376888 0.410562 0.759403 
-0.322897 0.340966 0.387103 0.802443 
-0.3159 0.309141 0.363437 0.840501 
-0.308696 0.280803 0.340204 0.874205 
-0.301871 0.255612 0.318249 0.903951 
-0.295819 0.233562 0.2984 0.929774 
-0.290752 0.214814 0.281318 0.951513 
-0.28674 0.199509 0.267399 0.969019 
-0.283746 0.187643 0.256752 0.982311 
-0.281655 0.179029 0.249223 0.991622 
-0.280314 0.173317 0.244464 0.997379 
-0.279552 0.170051 0.242011 1.00014 
-0.279205 0.16873 0.241354 1.00052 
-0.279128 0.168857 0.241994 0.999145 
-0.279201 0.169974 0.243477 0.996575 
-0.279334 0.171681 0.245415 0.993314 
-0.279461 0.173649 0.247496 0.989777 
-0.279543 0.175621 0.249487 0.986289 
-0.279559 0.177409 0.251229 0.983087 
-0.279505 0.178893 0.25263 0.980326 
-0.279385 0.180008 0.25365 0.978088 
-0.279212 0.180736 0.254297 0.976395 
-0.279002 0.181099 0.254607 0.975222 
-0.27877 0.18114 0.254634 0.974514 
-0.278529 0.180919 0.254445 0.974191 
-0.278292 0.180504 0.254103 0.974169 
-0.278068 0.179959 0.25367 0.974364 
-0.277862 0.179342 0.253195 0.974698 
-0.277677 0.178702 0.25272 0.975105 
-0.277516 0.178078 0.252272 0.975535 
-0.277379 0.177495 0.251873 0.975951 
-0.277263 0.17697 0.25153 0.976326 
-0.277166 0.176513 0.251249 0.976649 
-0.277087 0.176123 0.251026 0.976914 
-0.277022 0.175797 0.250856 0.977123 
-0.27697 0.17553 0.250731 0.977281 
-0.276926 0.175313 0.250644 0.977397 
-0.276891 0.175136 0.250584 0.977479 
-0.276861 0.174993 0.250546 0.977536 
-0.276835 0.174874 0.250523 0.977576 
-0.276813 0.174774 0.250508 0.977605 
-0.276793 0.174688 0.250499 0.977629 
-0.276776 0.174612 0.250492 0.977652 
-0.27676 0.174543 0.250486 0.977674 
-0.276746 0.174479 0.25048 0.977698 
-0.276733 0.174419 0.250473 0.977724 
-0.276721 0.174363 0.250465 0.977752 
-0.27671 0.174311 0.250458 0.977781 
-0.276701 0.174262 0.25045 0.97781 
-0.276692 0.174217 0.250444 0.977839 
-0.276685 0.174176 0.250438 0.977866 
-0.276679 0.174139 0.250433 0.977892 
-0.276673 0.174106 0.25043 0.977915 
-0.276669 0.174077 0.250428 0.977936 
-0.276665 0.174052 0.250428 0.977954 
-0.276662 0.174031 0.250429 0.97797 
-0.603628 0.342489 -0.717464 1.83797 
-0.887441 0.536118 -0.859544 1.86274 
-0.916445 0.574527 -0.861193 1.8512 
-0.920674 0.616909 -0.747182 1.74795 
-0.959512 0.767804 -0.446808 1.46633 
-0.980259 0.942486 -0.000984971 1.05841 
-0.831373 0.843046 0.305072 0.825084 
-0.652444 0.673671 0.515281 0.688297 
-0.552504 0.584005 0.623996 0.618465 
-0.510264 0.556468 0.669011 0.593513 
-0.488699 0.552521 0.69257 0.585354 
-0.472772 0.556003 0.705692 0.581094 
-0.457624 0.562298 0.710192 0.576135 
-0.441875 0.570131 0.706234 0.568746 
-0.425394 0.578733 0.693531 0.558363 
-0.408504 0.587 0.672139 0.545607 
-0.391764 0.593147 0.643237 0.53275 
-0.375973 0.594575 0.60935 0.523849 
-0.362162 0.588156 0.573806 0.524017 
-0.351345 0.57115 0.539661 0.537771 
-0.344018 0.54258 0.508767 0.566975 
-0.339666 0.504325 0.481464 0.609502 
-0.336776 0.460846 0.456887 0.659765 
-0.333577 0.41722 0.433648 0.711262 
-0.328977 0.376888 0.410562 0.759403 
-0.322897 0.340966 0.387103 0.802443 
-0.3159 0.309141 0.363437 0.840501 
-0.308696 0.280803 0.340204 0.874205 
-0.301871 0.255612 0.318249 0.903951 
-0.295819 0.233562 0.2984 0.929774 
-0.290752 0.214814 0.281318 0.951513 
-0.28674 0.199509 0.267399 0.969019 
-0.283746 0.187643 0.256752 0.982311 
-0.281655 0.179029 0.249223 0.991622 
-0.280314 0.173317 0.244464 0.997379 
-0.279552 0.170051 0.242011 1.00014 
-0.279205 0.16873 0.241354 1.00052 
-0.279128 0.168857 0.241994 0.999145 
-0.279201 0.169974 0.243477 0.996575 
-0.279334 0.171681 0.245415 0.993314 
-0.279461 0.173649 0.247496 0.989777 
-0.279543 0.175621 0.249487 0.986289 
-0.279559 0.177409 0.251229 0.983087 
-0.279505 0.178893 0.25263 0.980326 
-0.279385 0.180008 0.25365 0.978088 
-0.279212 0.180736 0.254297 0.976395 
-0.279002 0.181099 0.254607 0.975222 
-0.27877 0.18114 0.254634 0.974514 
-0.278529 0.180919 0.254445 0.974191 
-0.278292 0.180504 0.254103 0.974169 
-0.278068 0.179959 0.25367 0.974364 
-0.277862 0.179342 0.253195 0.974698 
-0.277677 0.178702 0.25272 0.975105 
-0.277516 0.178078 0.252272 0.975535 
-0.277379 0.177495 0.251873 0.975951 
-0.277263 0.17697 0.25153 0.976326 
-0.277166 0.176513 0.251249 0.976649 
-0.277087 0.176123 0.251026 0.976914 
-0.277022 0.175797 0.250856 0.977123 
-0.27697 0.17553 0.250731 0.977281 
-0.276926 0.175313 0.250644 0.977397 
-0.276891 0.175136 0.250584 0.977479 
-0.276861 0.174993 0.250546 0.977536 
-0.276835 0.174874 0.250523 0.977576 
-0.276813 0.174774 0.250508 0.977605 
-0.276793 0.174688 0.250499 0.977629 
-0.276776 0.174612 0.250492 0.977652 
-0.27676 0.174543 0.250486 0.977674 
-0.276746 0.174479 0.25048 0.977698 
-0.276733 0.174419 0.250473 0.977724 
-0.276721 0.174363 0.250465 0.977752 
-0.27671 0.174311 0.250458 0.977781 
-0.276701 0.174262 0.25045 0.97781 
-0.276692 0.174217 0.250444 0.977839 
-0.276685 0.174176 0.250438 0.977866 
-0.276679 0.174139 0.250433 0.977892 
-0.276673 0.174106 0.25043 0.977915 
-0.276669 0.174077 0.250428 0.977936 
-0.276665 0.174052 0.250428 0.977954 
-0.276662 0.174031 0.250429 0.97797 
-0.603628 0.342489 -0.717464 1.83797 
-0.887441 0.536118 -0.859544 1.86274 
-0.916445 0.574527 -0.861193 1.8512 
-0.920674 0.616909 -0.747182 1.74795 
-0.959512 0.767804 -0.446808 1.46633 
-0.980259 0.942486 -0.000984971 1.05841 
-0.831373 0.843046 0.305072 0.825084 
-0.652444 0.673671 0.515281 0.688297 
-0.552504 0.584005 0.623996 0.618465 
-0.510264 0.556468 0.669011 0.593513 
-0.488699 0.552521 0.69257 0.585354 
-0.472772 0.556003 0.705692 0.581094 
-0.457624 0.562298 0.710192 0.576135 
-0.441875 0.570131 0.706234 0.568746 
-0.425394 0.578733 0.693531 0.558363 
-0.408504 0.587 0.672139 0.545607 
-0.391764 0.593147 0.643237 0.53275 
-0.375973 0.594575 0.60935 0.523849 
-0.362162 0.588156 0.573806 0.524017 
-0.351345 0.57115 0.539661 0.537771 
