0.131592 -0.113361 0 
1.79716 -3.70531 -6 
-4.78967 2.25321 6 
2.24247 1.32805 0 
0.217201 1.49141 0 
-1.03912 -4.22993 0 
1.47206 0.442894 0 
0.570286 2.40991 0 
-1.89707 -3.50076 0 
5.32058 3.81826 0 
-3.7007 -1.06572 0 
0.431614 -2.00588 0 
3.68679 -2.09673 0 
-0.179893 -1.55768 0 
-3.15787 1.52489 0 
6.56252 -1.25293 0 
-4.85506 -4.92355 0 
-0.494488 -4.09412 0 
3.61453 -1.68906 6 
-3.91128 -11.3956 6 
0.223343 -9.2216 6 
-0.0731316 -12.4848 0 
-2.6706 -15.6886 6 
-3.35899 -16.8775 12 
-3.71296 -16.7895 6 
-4.07483 -16.5015 12 
-9.06037 -16.9785 6 
-7.48963 -15.933 13 
-10.8954 -15.4618 20 
-9.70012 -11.4313 6 
-13.4773 -15.2848 27 
-10.7999 -13.2865 21 
-13.9589 -12.2121 14 
-10.8387 -4.82915 15 
-15.9294 -10.518 22 
-13.4464 -0.0552063 7 
-12.4414 5.25046 8 
-18.2153 -0.682556 15 
-13.5304 8.22992 8 
-14.8396 9.61023 0 
-15.4333 10.2207 0 
-14.1542 15.2235 0 
-13.3697 13.0706 -8 
-14.7254 15.026 0 
-13.3289 15.8871 0 
-10.4352 20.1604 -7 
-7.42395 18.486 -16 
-9.28683 20.3284 -7 
-7.02899 22.5964 -8 
-8.93738 1.77743 -22 
1.42236 39.6451 0 
4.02231 20.1999 -21 
-1.76758 18.4853 -7 
3.51025 17.9048 -21 
9.40686 22.4926 -7 
7.53073 16.192 -19 
22.1178 9.2921 -14 
10.4019 13.4127 -12 
12.7872 17.1419 -19 
17.287 11.3536 -12 
18.365 15.1905 -18 
16.0473 7.32417 -6 
20.0302 9.28112 -12 
17.3484 9.55701 -6 
19.6929 6.50839 -5 
18.2631 2.49034 -12 
20.8716 1.21281 -5 
14.2319 1.08925 -6 
20.2181 -7.14442 0 
19.7768 -2.0847 -11 
15.3123 -7.63689 0 
17.5308 -7.52599 0 
19.3442 -15.1173 0 
12.6875 -10.2849 -5 
15.2541 -14.9967 5 
9.49074 -18.0555 0 
13.4234 -12.7529 6 
7.49079 -15.1521 5 
7.83742 -14.9908 11 
5.71943 -15.3159 6 
4.19091 -15.9364 0 
3.85553 -16.1946 11 
1.69654 -14.4311 6 
-4.08759 -20.3788 18 
-1.2849 -14.6477 6 
-0.73735 -17.8191 18 
-3.82539 -15.3133 6 
-3.34944 -14.1104 6 
-6.9578 -15.088 19 
-7.15744 -14.0538 6 
-7.99588 -14.021 20 
-9.71473 -13.1472 0 
-6.82299 -13.0717 20 
-6.86826 -10.2026 7 
-9.72855 -13.0786 21 
-6.85884 -9.161 7 
-7.09458 -5.79662 0 
-7.22997 -8.70522 14 
-7.50595 -5.75323 8 
-6.82908 -5.06741 7 
-12.387 -7.66124 15 
-10.0287 -4.44479 7 
-7.10498 -2.11301 8 
-9.40775 -4.39749 0 
-13.2065 -3.01288 15 
-12.0112 -1.86353 8 
-11.6931 0.636871 0 
-12.5106 -0.576416 16 
-12.8875 3.45999 8 
-13.1645 4.20258 8 
-10.2762 7.5943 -8 
-11.6678 8.58838 8 
-11.6504 6.5712 0 
-11.102 8.95073 0 
-9.96774 6.32495 -8 
-10.9426 8.83888 0 
-9.57576 10.6155 -8 
-9.1945 7.33823 -8 
-9.47458 8.84027 -8 
-10.1888 9.55386 0 
-11.0053 9.04237 -8 
-7.27682 12.7009 0 
-8.76868 11.8645 -7 
-7.25861 14.1772 -16 
-6.89438 15.2099 0 
-4.65689 15.4222 -7 
-4.67764 16.1212 -15 
-4.76523 14.0935 -7 
0.0907593 17.7706 -15 
-1.50317 15.4428 -14 
-0.485992 13.851 -14 
8.9704 6.20119 -14 
-1.44675 12.2325 -7 
4.97699 13.4684 -13 
-3.12531 20.8956 -6 
11.8911 3.12534 -14 
5.8136 10.8359 -6 
5.06378 10.6749 -6 
4.78802 10.4556 0 
6.26233 10.3628 -7 
9.09796 11.0212 -12 
7.92746 7.6963 -6 
9.69543 8.0369 -6 
9.70071 12.1809 0 
11.1126 7.4269 -12 
11.3293 6.52372 -6 
10.4174 4.5856 0 
13.3592 4.96458 -12 
11.4701 2.38936 -6 
13.0819 -1.27452 -6 
12.9365 2.86615 0 
10.4411 -2.80557 0 
14.0978 -0.491974 -5 
14.5589 -1.79848 -6 
16.408 -0.454208 -6 
15.2385 -6.03743 0 
19.3749 -5.84951 -5 
14.6298 -10.8974 -6 
11.743 -13.859 6 
15.79 -11.4047 0 
13.0927 -14.8464 -6 
12.2238 -17.4826 0 
11.0849 -23.3559 6 
9.66158 -15.4988 5 
9.74192 -17.4248 6 
8.73193 -21.5775 11 
7.61089 -18.3163 12 
5.46624 -17.0095 6 
4.1594 -18.2819 12 
4.15016 -21.4372 12 
1.60061 -19.0947 18 
-3.70061 -20.9807 13 
1.12057 -18.3874 12 
-3.24878 -15.2199 14 
-3.75555 -18.3364 13 
-4.18192 -11.7372 6 
-2.86408 -16.2537 14 
-8.65398 -7.94492 7 
-7.29574 -13.4266 14 
-9.07966 -8.19864 14 
-6.99996 -5.35645 0 
-9.39632 -7.53458 15 
-7.41091 -2.77835 0 
-11.2384 -4.78632 7 
-9.21399 -4.23669 15 
-9.59547 -0.41806 7 
-11.3739 0.214935 0 
-11.2123 -0.691193 8 
-9.22547 -2.56995 15 
-11.1938 -5.43219 0 
-12.5163 -0.309174 8 
-11.9434 -2.1539 8 
-12.6927 0.0327454 8 
-11.9234 -0.00588989 8 
-16.3252 2.30597 17 
-12.9456 4.60703 0 
-14.4997 6.44467 8 
-11.8355 8.73648 -8 
-14.364 7.1651 8 
-11.8945 9.66283 0 
-10.7885 11.1038 0 
-11.7131 11.3481 0 
-8.27122 9.79048 -8 
-11.0456 7.744 0 
-6.36508 10.3056 -9 
-6.87253 10.8424 -8 
-7.67484 6.9908 0 
-9.08057 7.95776 0 
-8.24686 8.47168 0 
-1.57043 12.5538 -24 
-6.55322 9.22134 -8 
-4.68744 12.1485 -7 
-3.68018 11.0524 -8 
-4.5947 13.7017 -8 
-4.29446 14.8033 -7 
-1.09726 15.7555 -15 
0.175476 15.6548 -15 
2.82336 15.3466 -14 
3.38901 14.4851 -14 
2.6369 12.5862 -21 
11.0507 6.93152 -7 
8.38113 11.0966 -19 
8.85532 10.462 -14 
12.9366 14.597 -12 
11.558 16.755 -13 
15.3947 8.56918 -18 
14.5205 7.52925 -6 
17.6532 11.5095 -6 
18.2886 16.8461 -18 
17.6957 7.31748 -6 
15.1091 7.02126 -11 
17.6192 4.56278 -12 
18.807 6.20873 -5 
16.8176 -0.996292 0 
22.7314 3.60534 -11 
13.0301 -3.99156 -6 
19.1504 -0.340302 -5 
23.5083 -4.12075 0 
16.577 -10.0348 -5 
13.3929 -8.42434 5 
15.8477 -13.5347 0 
14.3093 -11.0657 0 
13.4593 -15.5672 11 
11.7445 -11.4603 0 
12.69 -11.7016 0 
12.6674 -14.829 5 
9.80536 -15.1214 11 
5.21902 -16.6776 6 
6.07496 -20.1173 6 
6.1943 -11.4705 11 
2.66295 -19.078 6 
0.862389 -20.1657 18 
-1.97967 -17.0076 6 
-4.16186 -16.6407 18 
-2.90427 -15.5771 6 
-2.12709 -14.3949 13 
-4.22143 -15.5966 12 
-2.88011 -15.4876 7 
-5.40997 -12.659 13 
-9.08499 -16.2678 13 
-6.21102 -11.8042 14 
-6.64979 -8.27101 7 
-7.59516 -9.73172 14 
-8.61349 -8.2979 7 
-11.3059 -9.84206 7 
-12.3865 -9.26862 15 
-12.4143 -5.32803 7 
-10.8997 -1.30563 0 
-11.6175 -1.94928 7 
-15.0164 -4.34628 8 
-12.9488 -0.37381 7 
-12.9025 -2.36819 8 
-12.3081 1.28223 0 
-11.1008 1.73782 0 
-10.7257 2.45581 15 
-12.9517 -0.853149 0 
-12.4064 2.68478 8 
-11.8919 3.5668 0 
-8.60189 4.35202 0 
-10.9469 3.72552 0 
-8.80769 3.49789 0 
-11.7219 2.67902 8 
-6.81911 6.24048 -8 
-10.2047 5.09091 8 
-11.7434 4.26385 0 
-6.11499 10.307 8 
-9.19421 4.99097 0 
-7.75305 7.79417 -8 
-10.0888 5.4399 0 
-8.73033 7.25916 0 
-10.5216 6.60327 0 
-9.64072 8.50955 0 
-9.51736 6.87187 -8 
-7.69363 10.3529 -8 
-9.85223 7.34703 0 
-9.72235 9.3627 0 
-8.60617 7.90259 0 
-7.44238 9.16629 -15 
-8.85754 10.1662 0 
-5.16562 9.58801 -8 
-6.31281 8.30756 -7 
-10.4578 9.14811 0 
-5.06119 8.36304 -8 
-4.77301 10.2974 -14 
-11.0356 7.48447 0 
1.60367 13.4862 -15 
-10.0465 6.87427 -14 
3.72498 15.9093 -7 
-12.0895 9.07393 0 
3.05481 11.883 -14 
-2.08643 12.1737 -7 
9.10953 1.72481 -13 
1.50458 19.1948 -13 
3.92877 13.8923 -7 
11.8046 11.0739 -19 
18.508 -2.82229 -19 
10.0457 12.2717 -6 
13.0907 10.4793 -12 
30.3467 16.5837 -18 
16.1995 8.44645 -12 
19.4141 8.96717 -11 
18.8365 5.36787 -12 
18.7328 13.4647 0 
16.0278 0.446548 -11 
19.8451 3.41035 -11 
19.957 4.09158 0 
17.71 -1.07361 -5 
23.3029 0.0221329 -5 
21.1247 -6.42867 -6 
16.7389 -5.13762 -5 
15.3725 -6.70446 0 
16.6437 -7.77597 0 
15.3148 -8.41985 0 
14.6537 -11.855 0 
13.56 -5.4672 5 
13.2129 -9.33451 6 
12.3628 -12.6609 10 
10.5561 -10.6473 0 
11.1794 -11.176 6 
11.9417 -14.0765 16 
7.92237 -14.5333 6 
7.93713 -12.1303 6 
4.36321 -18.5559 11 
4.99469 -18.2506 18 
5.80886 -14.5468 6 
0.542892 -20.8393 24 
0.707619 -19.6761 6 
2.00172 -18.5093 19 
-0.174782 -17.1771 6 
-2.20662 -17.5695 20 
-1.70026 -15.394 13 
-1.62868 -17.9051 14 
-4.67391 -15.0378 14 
-4.08567 -14.9776 14 
-3.425 -7.72873 7 
-6.46205 -16.3833 29 
-7.69078 -5.54456 0 
-6.13609 -5.33801 8 
-8.72066 -9.85434 15 
-11.8313 -2.60715 8 
-12.4658 -5.69949 7 
-11.019 -3.97122 16 
-11.347 -4.43539 8 
-11.7828 -4.0658 0 
-9.33915 -1.05463 8 
-11.5762 -1.76346 0 
-15.2634 -1.55325 8 
-13.4547 -0.652374 9 
-14.4408 1.00516 0 
-15.1488 4.27707 0 
-17.1473 1.48779 8 
-12.9559 2.12735 8 
-15.91 4.94751 0 
-14.1926 6.17868 -8 
-13.5332 7.45996 8 
-14.7105 4.46265 9 
-11.8055 9.77371 -9 
-13.9344 5.23059 9 
-14.0517 5.81464 0 
-10.6637 11.0293 0 
-12.604 5.32707 -9 
-15.5617 5.99869 0 
-9.76247 10.5434 -8 
-12.7797 6.62273 -8 
-10.2917 11.7122 -9 
-11.8171 10.2636 0 
-10.1893 11.8564 -8 
-9.20084 9.08795 0 
-9.74835 13.4077 -8 
-7.67984 11.9275 -8 
-6.9888 10.9918 -8 
-7.58115 13.7456 -8 
-4.12766 12.4713 -7 
-6.32834 10.0349 -16 
-4.72009 12.6528 -7 
-2.86761 12.264 -8 
6.0343 14.5484 -14 
-12.0304 6.61814 0 
3.85617 11.0747 -15 
-2.03149 12.3756 -7 
0.673676 11.7899 -7 
4.51758 11.1979 -14 
12.0385 -0.931466 -14 
10.2716 11.0078 -26 
-0.251678 20.2809 0 
15.3746 0.197954 -14 
13.599 7.39785 -19 
10.5616 3.96531 -12 
13.554 7.07265 -12 
14.0623 9.78812 -12 
13.3904 7.92851 -6 
14.4137 6.30348 -18 
13.893 4.48149 -6 
14.2925 6.62315 -5 
13.4306 1.65516 -6 
14.4373 8.21438 -6 
15.3515 6.67152 -5 
11.6764 -0.749733 -11 
18.0101 5.15078 -6 
11.7477 -2.03307 -5 
15.6133 -0.419502 -11 
10.1452 -5.95734 0 
15.8363 -1.58495 -5 
12.1828 -5.8611 -5 
14.8791 -1.15951 0 
11.2342 -9.02178 0 
13.4241 -3.64664 0 
11.0917 -11.2038 0 
13.9035 -9.33189 0 
9.10491 -15.2998 5 
7.67222 -13.602 11 
7.18582 -11.9152 10 
10.7966 -21.7013 6 
2.87658 -14.1688 16 
9.43226 -18.566 6 
4.7737 -17.5944 11 
1.90032 -18.7386 12 
4.01289 -18.3643 18 
0.335377 -20.2562 12 
-0.237316 -15.0063 12 
-1.24676 -16.4692 19 
-1.3837 -13.2161 12 
-2.99942 -14.7785 20 
-5.2682 -14.1849 7 
-2.57722 -10.5901 13 
-4.35909 -11.6514 14 
-6.16196 -7.04506 7 
-5.21345 -8.68648 14 
-8.73736 -7.36958 14 
-7.1809 -3.80634 8 
-9.36295 -1.6355 7 
-11.5904 -5.31721 15 
-16.2907 -1.59988 15 
-9.55536 -0.0196838 8 
-13.7046 -5.91298 15 
-12.5106 4.94659 0 
-15.5587 3.51549 8 
-12.4915 3.12032 8 
-16.3543 4.86838 -8 
-12.2074 11.2701 0 
-12.2443 11.4479 0 
-16.5251 8.95062 0 
-11.7744 12.2006 0 
-12.9651 11.5713 -8 
-12.5412 12.3242 -8 
-11.993 10.9187 -7 
-12.1134 11.6425 -8 
-8.83907 12.4146 -8 
-10.2257 9.88216 -7 
-7.82492 14.0261 -15 
-8.67628 11.8962 -15 
0.41394 6.65604 -21 
-14.4309 15.8417 -7 
-5.27939 12.2243 0 
3.68417 17.4353 -21 
2.62878 5.07767 -7 
0.590851 13.9729 -19 
1.09729 27.9565 -7 
11.2271 3.58105 -13 
9.76881 18.1481 -13 
13.4121 13.7183 -18 
12.3224 12.4588 -6 
16.0134 14.494 -12 
16.0184 10.0429 -6 
18.6334 11.2751 -12 
19.62 8.67742 -6 
15.8511 2.29306 -6 
17.7656 5.27267 -11 
26.3084 -2.53859 0 
12.8741 -8.92309 -6 
18.2301 -9.03012 0 
19.4336 -15.035 0 
17.4262 -9.68236 0 
12.4455 -20.6971 0 
11.2311 -18.2795 17 
9.69807 -19.8903 6 
11.5585 -20.4249 6 
13.7131 -15.9281 12 
9.03866 -21.6476 6 
7.34166 -21.1415 12 
