1.3727 -0.14673 0.167864 0.143697 
1.32772 -0.123085 0.052817 0.0476133 
1.26524 -0.0956102 -0.0935822 -0.05096 
1.17995 -0.064066 -0.278533 -0.142786 
1.06738 -0.0298491 -0.503629 -0.211354 
0.926531 0.0033691 -0.756129 -0.233743 
0.761621 0.0312382 -1.00139 -0.189272 
0.580368 0.0530786 -1.18915 -0.0734051 
0.39055 0.0733213 -1.27868 0.0980008 
0.197931 0.0956991 -1.25981 0.298912 
0.00683597 0.117413 -1.14925 0.501026 
-0.177652 0.129637 -0.978765 0.6738 
-0.34936 0.122417 -0.789221 0.78968 
-0.503495 0.0904063 -0.620471 0.838786 
-0.63719 0.0358239 -0.494509 0.83577 
-0.746397 -0.0331062 -0.410281 0.806957 
-0.825523 -0.106386 -0.354383 0.77383 
-0.871424 -0.17609 -0.312873 0.747071 
-0.886017 -0.237863 -0.276525 0.728563 
-0.875067 -0.290305 -0.241214 0.715616 
-0.845581 -0.333654 -0.206404 0.704226 
-0.803973 -0.368743 -0.173462 0.69065 
-0.75539 -0.396415 -0.14448 0.671812 
-0.703732 -0.417289 -0.121675 0.645169 
-0.651958 -0.431692 -0.107248 0.608434 
-0.602469 -0.439645 -0.10353 0.559316 
-0.557506 -0.44084 -0.113343 0.495332 
-0.519591 -0.434588 -0.140529 0.413726 
-0.492038 -0.419746 -0.19065 0.311621 
-0.479544 -0.394676 -0.27172 0.18666 
-0.488541 -0.357454 -0.394366 0.0387165 
-0.526234 -0.306879 -0.569463 -0.126653 
-0.596107 -0.245077 -0.799664 -0.293519 
-0.689898 -0.180852 -1.06499 -0.434943 
-0.786265 -0.128035 -1.3192 -0.52527 
-0.865903 -0.0955075 -1.51593 -0.55855 
-0.924838 -0.0811439 -1.63892 -0.54858 
-0.969532 -0.0773957 -1.70024 -0.513027 
-1.00734 -0.0780187 -1.72031 -0.463739 
-1.04289 -0.0797404 -1.71532 -0.406518 
-1.07843 -0.0813449 -1.69494 -0.343587 
-1.11478 -0.0826256 -1.66399 -0.275487 
-1.15202 -0.0837903 -1.6244 -0.202105 
-1.18981 -0.0852102 -1.57652 -0.123199 
-1.22744 -0.0873482 -1.51982 -0.0386901 
-1.26375 -0.0907683 -1.4534 0.0511257 
-1.29706 -0.0961727 -1.37623 0.145398 
-1.32506 -0.104435 -1.28745 0.242588 
-1.34481 -0.116593 -1.18669 0.340431 
-1.35293 -0.13377 -1.07434 0.436075 
-1.34613 -0.156986 -0.951829 0.526429 
-1.32188 -0.18687 -0.82171 0.608689 
-1.27915 -0.223357 -0.687566 0.680862 
-1.21882 -0.265513 -0.553604 0.742084 
-1.14352 -0.311601 -0.424082 0.792616 
-1.05696 -0.359408 -0.302709 0.833531 
-0.963117 -0.406711 -0.192209 0.866258 
-0.865535 -0.451663 -0.0941818 0.892141 
-0.766962 -0.492981 -0.00921442 0.912138 
-0.669296 -0.529939 0.0628654 0.926674 
-0.573684 -0.562235 0.12272 0.935638 
-0.480678 -0.589832 0.171289 0.938469 
-0.39038 -0.612831 0.209646 0.934276 
-0.302563 -0.63139 0.238898 0.921962 
-0.216751 -0.645679 0.260108 0.900327 
-0.132287 -0.655857 0.274228 0.868125 
-0.0483886 -0.662053 0.282028 0.824069 
0.0358002 -0.664334 0.284017 0.766764 
0.12113 -0.662661 0.280352 0.694578 
0.208318 -0.656808 0.270706 0.605432 
0.297717 -0.646237 0.25406 0.496489 
0.388876 -0.629896 0.228332 0.363709 
0.479715 -0.605913 0.189704 0.201252 
0.565025 -0.571116 0.131419 0.000796755 
0.633953 -0.5204 0.0419276 -0.248568 
0.667113 -0.446457 -0.0963295 -0.557386 
0.639116 -0.342679 -0.299733 -0.923198 
0.542579 -0.215709 -0.550202 -1.30325 
0.420742 -0.0976002 -0.764421 -1.61028 
0.326548 -0.0168436 -0.873707 -1.79561 
