0.359356 0.185507 0.387552 0.0985178 
0.356053 0.169425 0.429456 0.129139 
0.356422 0.154913 0.427249 0.133989 
0.366296 0.135845 0.427348 0.161511 
0.379349 0.116561 0.472536 0.170519 
0.411948 0.100187 0.523474 0.305907 
0.460404 0.161359 0.510274 0.287885 
0.455496 0.208419 0.509511 0.198125 
0.460493 0.2182 0.496218 0.171743 
0.433279 0.223295 0.464919 0.157965 
0.431608 0.221641 0.457005 0.145015 
0.399532 0.231475 0.391044 0.134661 
0.407482 0.242151 0.395534 0.118182 
0.416737 0.242627 0.372125 0.117679 
0.422973 0.233359 0.406425 0.142773 
0.416418 0.236344 0.410553 0.150224 
0.416045 0.221607 0.409203 0.164123 
0.414527 0.203474 0.415178 0.170413 
0.438095 0.187191 0.450469 0.206799 
0.564457 0.210084 0.545372 0.29393 
0.577384 0.195234 0.544834 0.297317 
0.551441 0.201929 0.486293 0.283491 
0.538378 0.188016 0.454048 0.276399 
0.529974 0.180302 0.385381 0.261555 
0.553019 0.193105 0.394441 0.213459 
0.575649 0.208964 0.363078 0.182347 
0.596529 0.194185 0.400822 0.188616 
0.669834 0.170038 0.465481 0.234958 
0.66123 0.147665 0.511882 0.216498 
0.661427 0.151375 0.449026 0.17722 
0.648607 0.163517 0.454445 0.160144 
0.64077 0.160059 0.451904 0.151525 
0.631685 0.151828 0.44994 0.142629 
0.608535 0.193228 0.39419 0.126628 
0.619288 0.198603 0.411 0.1175 
0.620504 0.214108 0.341335 0.150241 
0.651894 0.204773 0.347524 0.113436 
0.662172 0.21162 0.333434 0.0947595 
0.680192 0.218169 0.334766 0.0759071 
0.689774 0.254818 0.304698 0.030958 
0.700715 0.246053 0.314936 0.0348036 
0.702242 0.240855 0.34147 0.0425426 
0.691849 0.233901 0.358667 0.0577255 
0.696753 0.235002 0.398538 0.0668383 
0.68412 0.237685 0.417686 0.0701928 
0.69256 0.23146 0.462012 0.0883435 
0.693552 0.222028 0.501327 0.115623 
0.68463 0.231193 0.509064 0.104115 
0.67298 0.229731 0.56311 0.105757 
0.644353 0.225841 0.53331 0.132605 
0.658645 0.216042 0.542608 0.192787 
0.660908 0.209616 0.587648 0.267836 
0.611733 0.226993 0.557464 0.257521 
0.618405 0.221752 0.575224 0.257199 
0.565015 0.237706 0.549248 0.23969 
0.561245 0.219012 0.570739 0.238883 
0.565417 0.209388 0.628849 0.229236 
0.568115 0.198504 0.671072 0.230468 
0.564663 0.169159 0.73818 0.258244 
0.54889 0.171785 0.731082 0.268595 
0.54505 0.158423 0.752276 0.278524 
0.5079 0.16678 0.733005 0.250334 
0.496035 0.156129 0.746523 0.262876 
0.505868 0.131343 0.801258 0.28515 
0.165494 0.107463 0.569177 0.189828 
0.163474 0.128195 0.53627 0.14916 
0.159244 0.13789 0.547574 0.120977 
0.172196 0.134504 0.499405 0.125178 
0.210774 0.080002 0.578258 0.105769 
0.189767 0.0601884 0.56622 0.108544 
0.169518 0.0424081 0.670397 0.11556 
0.150548 0.0281185 0.756085 0.123019 
0.248047 -0.0232306 0.670322 0.34854 
0.285752 0.0184347 0.68679 0.322084 
0.389687 0.0800461 0.761915 0.335403 
0.482826 0.070646 0.874212 0.345124 
0.345962 0.126285 0.71126 0.12811 
0.27912 -0.0256137 0.71451 0.407236 
0.11212 -0.0423899 0.591509 0.332552 
0.033464 -0.0041607 0.762254 0.157649 
0.00469883 -0.0150797 0.796833 0.154342 
-0.0354667 -0.00806228 0.850215 0.128517 
-0.0811017 0.0110521 0.983617 0.0807672 
0.0233161 -0.0290529 1.08932 0.160437 
0.0837149 0.276949 0.55288 0.134962 
0.165848 0.195698 0.572912 0.284871 
0.136594 0.181714 0.481652 0.309881 
0.162 0.179067 0.54047 0.426065 
0.176196 0.150083 0.563571 0.461661 
0.175971 0.14589 0.543035 0.459092 
0.174988 0.139859 0.532449 0.456504 
0.169194 0.134956 0.491984 0.38013 
0.174565 0.148435 0.516549 0.309954 
0.193075 0.165363 0.607268 0.246476 
0.290213 0.171688 0.637609 0.279969 
0.325229 0.186047 0.548841 0.31096 
0.384208 0.185482 0.581299 0.351388 
0.452841 0.165764 0.667073 0.431128 
0.429709 0.134204 0.683863 0.427406 
0.434284 0.126121 0.664643 0.418024 
0.40402 0.139586 0.582028 0.443914 
0.340383 0.0827321 0.574713 0.449884 
0.308724 0.0819926 0.556146 0.401667 
0.296021 0.0724213 0.486844 0.403763 
0.283321 0.0630334 0.465943 0.35778 
0.290499 0.0750216 0.461523 0.322378 
0.36975 0.112607 0.522006 0.302928 
0.394045 0.105129 0.566093 0.327079 
0.415717 0.0968565 0.560788 0.343925 
0.428065 0.098375 0.552262 0.325842 
0.431984 0.1119 0.561042 0.290505 
0.504283 0.114945 0.572424 0.317464 
0.577578 0.12079 0.602199 0.338287 
0.598884 0.123255 0.616808 0.313595 
0.558123 0.12062 0.563552 0.290505 
0.556332 0.116211 0.566804 0.297559 
0.564738 0.126801 0.557667 0.267588 
0.574926 0.122073 0.59069 0.275403 
0.587532 0.126121 0.573853 0.270754 
0.594068 0.122332 0.548565 0.319742 
0.612621 0.118359 0.544564 0.325137 
0.642552 0.107201 0.595432 0.364478 
0.676467 0.113804 0.68558 0.432239 
0.692018 0.119059 0.658974 0.452216 
0.698207 0.116636 0.691774 0.812298 
0.698013 0.126563 0.605333 0.518727 
0.681839 0.13432 0.540466 0.419932 
0.639152 0.192227 0.459698 0.273216 
0.642036 0.186876 0.493305 0.308283 
0.649583 0.181939 0.506853 0.30793 
0.656209 0.185061 0.467704 0.291926 
0.660374 0.186737 0.458832 0.246899 
0.653137 0.188697 0.460368 0.2564 
0.647761 0.18973 0.466554 0.262896 
0.640765 0.179157 0.451268 0.207385 
0.65365 0.172169 0.462092 0.243857 
0.677421 0.155029 0.501326 0.243092 
0.67829 0.159062 0.469399 0.282388 
0.683537 0.156873 0.450002 0.207109 
0.691922 0.151863 0.455481 0.195416 
0.694711 0.153992 0.512515 0.181709 
0.701733 0.150711 0.539783 0.164924 
0.701044 0.156122 0.543603 0.164475 
0.702939 0.154041 0.463751 0.18196 
0.72087 0.148581 0.475697 0.219218 
0.725997 0.153065 0.430384 0.191298 
0.743898 0.151584 0.432049 0.185291 
0.790864 0.150842 0.453287 0.184957 
0.812593 0.147071 0.463012 0.182765 
0.818976 0.145333 0.477339 0.211325 
0.827102 0.115901 0.521071 0.188639 
0.836033 0.124885 0.498319 0.158928 
0.854918 0.118592 0.536437 0.168039 
0.865278 0.121554 0.522558 0.181685 
0.864249 0.123934 0.482723 0.151466 
0.87069 0.115852 0.485814 0.146226 
0.877289 0.119648 0.494769 0.150717 
0.87783 0.114866 0.495916 0.148914 
0.898277 0.103505 0.532434 0.145665 
0.898883 0.100397 0.530424 0.140461 
0.904443 0.0923848 0.540663 0.136148 
0.912145 0.0913978 0.563406 0.146638 
0.908858 0.0973861 0.546755 0.1371 
0.907365 0.105397 0.536978 0.13818 
0.9151 0.109262 0.548077 0.132024 
0.913499 0.128791 0.543331 0.130966 
0.907261 0.128543 0.536272 0.144471 
0.907579 0.129505 0.537903 0.129707 
0.920123 0.124961 0.57605 0.136135 
0.924364 0.124682 0.57266 0.124073 
0.928697 0.122097 0.591075 0.130316 
0.933655 0.120559 0.591232 0.138711 
0.937641 0.118302 0.605785 0.145277 
0.937285 0.120955 0.620306 0.153816 
0.937696 0.126241 0.636685 0.15373 
0.93527 0.130561 0.628963 0.153598 
0.935109 0.13471 0.634095 0.152793 
0.92982 0.138131 0.658381 0.161149 
0.930066 0.137851 0.691464 0.16249 
0.882308 0.159832 0.58172 0.115556 
0.857957 0.169033 0.577308 0.104516 
0.854556 0.158548 0.53602 0.117779 
0.877803 0.141894 0.596987 0.114527 
0.869929 0.164014 0.593971 0.108456 
0.883449 0.140586 0.639564 0.125583 
0.841354 0.129282 0.648224 0.15793 
0.813979 0.120127 0.673783 0.211554 
0.76939 0.120085 0.64342 0.197905 
0.70876 0.121943 0.603015 0.162142 
0.639549 0.135735 0.537567 0.20985 
0.616796 0.134 0.590001 0.196037 
0.624792 0.115772 0.582381 0.281563 
0.635098 0.105288 0.638192 0.22885 
0.651715 0.0942043 0.681836 0.407804 
0.658556 0.0870415 0.58382 0.231078 
0.616143 0.101337 0.700401 0.282471 
0.545985 0.0869291 0.675408 0.261575 
0.530709 0.105447 0.643565 0.366263 
0.497849 0.103561 0.653278 0.362855 
0.492413 0.0951664 0.625717 0.461106 
0.487244 0.0858534 0.648182 0.500716 
0.500257 0.0496898 0.716261 0.409543 
0.452401 0.0754887 0.707729 0.358819 
0.331268 0.122124 0.532291 0.218233 
0.286452 0.14495 0.474101 0.141212 
0.298098 0.148511 0.542845 0.182581 
0.306579 0.141396 0.579087 0.206673 
0.29468 0.143851 0.537397 0.220012 
0.303453 0.0367006 0.692376 0.406234 
0.292661 0.0611142 0.644861 0.33705 
0.309174 0.0929877 0.651586 0.29195 
0.296129 0.171913 0.623573 0.323431 
0.377826 0.206487 0.66632 0.380476 
0.390345 0.195603 0.650453 0.403075 
0.384204 0.183089 0.741709 0.433721 
0.336752 0.189495 0.781017 0.469934 
0.335213 0.178499 0.739474 0.416933 
0.327878 0.165226 0.731921 0.435778 
0.326899 0.179881 0.719266 0.417933 
0.303669 0.188704 0.666751 0.423615 
0.172834 0.202568 0.561615 0.348708 
0.0730106 0.147099 0.485706 0.300295 
0.120967 0.169773 0.49004 0.265026 
0.12008 0.168175 0.505984 0.26854 
0.113442 0.168349 0.535082 0.261703 
0.110835 0.163434 0.558891 0.263478 
0.0437462 0.205466 0.464016 0.185096 
0.0542791 0.191205 0.521259 0.216487 
0.108769 0.139514 0.598832 0.313049 
0.122801 0.127299 0.708197 0.630111 
0.133003 0.119962 0.584679 0.560961 
0.148334 0.122744 0.601435 0.653056 
0.2466 0.0976147 0.901491 0.804712 
0.204017 0.0878808 0.85052 0.771496 
0.0905383 0.072482 0.786958 0.713367 
0.0433851 -0.0238389 0.826096 0.790429 
0.10046 -0.0765852 0.890282 0.810795 
0.147898 -0.0861072 0.942044 0.803668 
0.088076 -0.1108 0.951136 0.832663 
0.0647488 -0.0886684 0.926053 0.823143 
-0.071939 -0.0333912 0.81909 0.659319 
-0.121429 -0.0301921 0.782368 0.611591 
-0.0386189 -0.0534837 0.828885 0.69186 
0.00460204 -0.0665452 0.890484 0.742058 
0.0134601 -0.0457772 0.860176 0.730306 
0.0382274 -0.0322974 0.839924 0.701216 
0.041552 -0.080436 0.853762 0.755019 
-0.00371603 -0.0503222 0.770402 0.708692 
0.0107838 -0.0302675 0.684989 0.803213 
0.0868642 -0.0178096 0.763717 0.736813 
0.302316 -0.0837751 0.846775 1.01028 
0.227721 -0.0646587 0.933859 0.930569 
0.18194 -0.0649446 0.998872 0.943081 
-0.00646265 -0.0443754 0.885161 0.784759 
-0.0717943 -0.0637086 0.866447 0.762024 
-0.0947911 -0.0718081 0.867652 0.759376 
-0.113164 -0.0869162 0.835815 0.732243 
-0.0884232 -0.106527 0.851925 0.756219 
0.0325873 -0.0806252 0.929593 0.83065 
0.0268654 -0.0896463 0.92951 0.776048 
0.0412114 -0.0808621 0.926355 0.745429 
0.09929 -0.0485724 0.937946 0.699639 
0.148478 -0.0342774 0.951834 0.557663 
0.159115 0.0133584 0.675726 0.452427 
0.177845 0.0565235 0.620979 0.346301 
0.167183 0.0691706 0.581914 0.356722 
0.251963 0.0551953 0.694788 0.396052 
0.240317 0.0368869 0.718682 0.423185 
0.273202 0.0909977 0.739537 0.266553 
0.333802 0.0962925 0.854048 0.271277 
0.304853 0.122053 0.82905 0.234493 
0.269607 0.107451 0.804057 0.144054 
0.251462 0.0977538 0.766712 0.117888 
0.228336 0.147912 0.744925 0.00649617 
0.23825 0.16414 0.710081 0.0561841 
0.30222 0.134078 0.725091 0.0553069 
0.332777 0.203729 0.599548 0.217717 
0.389254 0.233087 0.614372 0.199096 
0.580334 0.130298 0.806262 0.0398178 
0.639984 0.133281 0.835764 0.00966751 
0.637442 0.167252 0.829117 0.0271257 
0.629864 0.176463 0.793122 0.038428 
0.631171 0.131905 0.806594 0.0769895 
0.631967 0.117567 0.797394 0.0872211 
0.627493 0.0869264 0.805579 0.0569789 
0.584184 0.122838 0.780049 0.0409108 
0.61918 0.0913322 0.765163 0.0564373 
0.61487 0.0895461 0.731978 0.0605729 
0.611853 0.0849978 0.710466 0.0761261 
0.63157 0.0867715 0.714613 0.0977733 
0.533888 0.0674805 0.692389 0.0277385 
0.565121 0.0878212 0.69179 0.0719712 
0.588158 0.0909989 0.70305 0.0853809 
0.615852 0.101556 0.678065 0.127258 
0.664921 0.146963 0.726235 0.13029 
0.682839 0.139088 0.734399 0.128991 
0.681363 0.133461 0.711252 0.12783 
0.686432 0.134797 0.730535 0.116909 
0.713115 0.140585 0.692244 0.124753 
0.717486 0.147605 0.699714 0.133902 
0.724922 0.141286 0.712184 0.135173 
0.723864 0.141414 0.685073 0.143605 
0.689054 0.111377 0.68495 0.147233 
0.678506 0.094173 0.685431 0.184781 
0.707946 0.105191 0.67999 0.187774 
0.713818 0.0751062 0.682604 0.166423 
0.720427 0.0722274 0.677924 0.15852 
0.75862 0.0433459 0.736314 0.0984026 
0.746813 0.0312532 0.698739 0.107502 
0.723924 0.0448961 0.666677 0.114966 
0.736621 0.0352671 0.658674 0.120718 
0.738967 0.0534704 0.665221 0.114434 
0.759428 0.0678537 0.679833 0.0851563 
0.778428 0.0498391 0.706344 0.0999778 
0.782883 0.0808607 0.713106 0.117956 
0.799342 0.062255 0.744842 0.116654 
0.787367 0.061581 0.759175 0.126974 
0.781464 0.076835 0.748539 0.132206 
0.778053 0.07127 0.766489 0.139384 
0.746826 0.0762618 0.790923 0.177232 
0.724709 0.0790165 0.812158 0.204155 
0.722925 0.0740311 0.778864 0.199312 
0.720365 0.0812022 0.812441 0.235887 
0.693915 0.0975074 0.78804 0.274597 
0.63688 0.11541 0.689454 0.255829 
0.581968 0.117863 0.667446 0.292587 
0.550859 0.113913 0.720101 0.334312 
0.459719 0.067023 0.707455 0.212605 
0.396203 0.0601211 0.650807 0.171269 
0.324263 0.162439 0.503728 0.563825 
0.308367 0.17201 0.533472 0.323203 
0.290581 0.200819 0.48928 0.389017 
0.279344 0.176007 0.461244 0.401892 
0.259515 0.186152 0.458717 0.399929 
0.201915 0.166407 0.465816 0.399816 
0.196422 0.140844 0.501528 0.419403 
0.190962 0.148952 0.527825 0.42827 
0.184981 0.138788 0.68947 0.772562 
0.194413 0.1501 0.720174 0.698293 
0.196518 0.135982 0.569845 0.585305 
0.182885 0.134126 0.580117 0.546752 
0.154031 0.130467 0.591001 0.533317 
-0.0271263 0.115491 0.529682 0.330338 
-0.122673 0.14449 0.427623 0.388641 
-0.0988607 0.172116 0.361022 0.352517 
-0.0682498 0.174478 0.395528 0.361982 
-0.0579877 0.152422 0.37738 0.378956 
-0.122002 0.157882 0.399816 0.358931 
0.0187849 0.180122 0.444165 0.424169 
0.0566535 0.192493 0.696746 0.624539 
0.00850062 0.207102 0.605832 0.699198 
-0.014775 0.240521 0.402212 0.487308 
-0.0319671 0.220958 0.447012 0.451144 
-0.121363 0.23029 0.433527 0.356755 
-0.124592 0.1897 0.493836 0.4584 
-0.137993 0.158402 0.504488 0.493886 
-0.179586 0.143538 0.456376 0.405182 
-0.197734 0.141777 0.343908 0.332236 
-0.217989 0.120846 0.443843 0.34704 
-0.230087 0.113205 0.439996 0.329876 
-0.244861 0.105017 0.441257 0.285042 
-0.264303 0.0973513 0.427221 0.232244 
-0.269455 0.110378 0.428758 0.250008 
-0.282642 0.0959262 0.44148 0.248831 
-0.278513 0.102247 0.437673 0.264988 
-0.26619 0.110345 0.437699 0.245605 
-0.261728 0.0985062 0.436471 0.207096 
-0.273587 0.0885839 0.454166 0.191916 
-0.273148 0.0847192 0.487091 0.209014 
-0.269198 0.0848371 0.429833 0.206959 
-0.247912 0.100082 0.48064 0.228265 
-0.225845 0.0965198 0.483663 0.204261 
-0.232199 0.080761 0.473081 0.187999 
-0.233018 0.0858293 0.464484 0.190956 
-0.233102 0.0892244 0.461603 0.189532 
-0.23329 0.0947817 0.40893 0.19203 
-0.234267 0.0949595 0.491083 0.213386 
-0.260387 0.0999291 0.461288 0.217855 
-0.277639 0.111739 0.440928 0.214344 
-0.247604 0.107388 0.460642 0.202051 
-0.203045 0.116812 0.525846 0.168415 
-0.190016 0.104293 0.523962 0.168265 
-0.166087 0.128309 0.530568 0.173261 
-0.110162 0.131198 0.5924 0.186112 
-0.103755 0.144574 0.592733 0.18546 
-0.088226 0.146984 0.631786 0.180584 
-0.0694049 0.156676 0.680242 0.133537 
-0.0459489 0.170786 0.648459 0.217689 
-0.0810754 0.243154 0.619833 0.384179 
-0.0838576 0.209705 0.630099 0.440846 
-0.0648977 0.212892 0.673595 0.502822 
-0.0486857 0.212458 0.545057 0.5554 
-0.0663779 0.22083 0.356748 0.436516 
-0.118082 0.210165 0.27318 0.46392 
-0.112994 0.212314 0.309486 0.337747 
-0.0385846 0.221359 0.331102 0.387672 
0.00255168 0.168626 0.422495 0.30401 
0.0719595 0.107741 0.35092 0.279812 
0.0914669 0.100026 0.43775 0.176933 
0.135425 0.100058 0.463924 0.139899 
0.139055 0.129089 0.604663 0.243446 
0.147986 0.153062 0.442563 0.139008 
0.247944 0.201485 0.661408 0.278017 
0.266044 0.216649 0.700686 0.253846 
0.305515 0.210942 0.708288 0.213606 
0.315258 0.216976 0.562799 0.138786 
0.28652 0.212638 0.544374 0.144643 
0.234578 0.207568 0.495807 0.176787 
0.305643 0.224965 0.462804 0.196176 
0.34613 0.228504 0.473427 0.195671 
0.365101 0.230372 0.506353 0.192047 
0.381018 0.239425 0.503289 0.179157 
0.401285 0.236354 0.397373 0.200511 
0.440282 0.218369 0.466644 0.158401 
0.464614 0.211898 0.451729 0.168801 
0.479997 0.212544 0.45603 0.147372 
0.458701 0.221386 0.442356 0.157219 
0.465163 0.200181 0.430584 0.119112 
0.481958 0.167675 0.448477 0.0927076 
0.486291 0.153516 0.45039 0.0759487 
0.482963 0.144982 0.464665 0.0845056 
0.511049 0.121079 0.497393 0.0532972 
0.527303 0.12177 0.500322 0.0476075 
0.540693 0.109082 0.512455 0.0290568 
0.527227 0.111997 0.492888 0.0258934 
0.538515 0.109162 0.507388 0.0166698 
0.565231 0.0920274 0.56584 0.0081413 
0.562847 0.0985828 0.544155 0.00215619 
0.586466 0.0995141 0.523338 0.000845728 
0.587497 0.108994 0.555092 0 
0.600505 0.120084 0.55403 0.0126766 
0.627591 0.133626 0.575036 0.0288303 
0.61739 0.131103 0.570162 0.0258104 
0.621194 0.133623 0.586178 0.0360621 
0.621652 0.131032 0.537409 0.0302312 
0.616927 0.130818 0.520751 0.0374505 
0.610164 0.128487 0.503374 0.0401562 
0.613972 0.131553 0.487721 0.059771 
0.610671 0.127933 0.498965 0.0587404 
0.616716 0.12936 0.513809 0.067307 
0.620879 0.121798 0.501364 0.0920097 
0.591771 0.0725767 0.577097 0.0430206 
0.601145 0.0895115 0.515133 0.0488794 
0.607843 0.097463 0.492795 0.0547281 
0.622492 0.0976427 0.490806 0.0497571 
0.637344 0.0923545 0.524488 0.0436494 
0.656634 0.0812038 0.549928 0.0465103 
0.669873 0.0752322 0.510493 0.0496828 
0.678427 0.0782731 0.531713 0.0532491 
0.672163 0.0758195 0.511907 0.0502829 
0.602784 0.051755 0.53808 0.0199543 
0.617111 0.0723054 0.516488 0.0633857 
0.622422 0.048164 0.532666 0.0550529 
0.638928 0.045643 0.509474 0.0436658 
0.650352 0.0371253 0.544622 0.0348378 
0.711223 0.0357951 0.583477 0.0428359 
0.696185 0.0383816 0.564807 0.0488903 
0.694758 0.0219404 0.529817 0.0475436 
0.695262 0.0170342 0.535581 0.0446274 
0.713368 0.0239578 0.573203 0.0586591 
0.691984 0.0545451 0.534994 0.069556 
0.680194 0.0718996 0.508835 0.090724 
0.672647 0.073034 0.508011 0.0926175 
0.684122 0.0634272 0.493872 0.101854 
0.696502 0.0641287 0.496949 0.123274 
0.696166 0.0485055 0.483559 0.115319 
0.693863 0.0345146 0.505582 0.121376 
0.693856 0.0309459 0.498543 0.114429 
0.686903 0.0306886 0.494321 0.107301 
0.710818 0.0268154 0.521886 0.0916066 
0.686845 0.0258404 0.524018 0.0871444 
0.683957 0.019692 0.50285 0.0966149 
0.683398 0.0247808 0.507778 0.114097 
0.723908 0.0564226 0.552759 0.10681 
0.728004 0.0801264 0.503402 0.0908949 
0.742361 0.087884 0.515833 0.0872997 
0.726441 0.0676372 0.505913 0.0801881 
0.744217 0.0718303 0.502886 0.0733448 
0.744308 0.0687744 0.494631 0.0719704 
0.749122 0.0570608 0.508173 0.0716971 
0.745422 0.0525418 0.504634 0.0773884 
0.757846 0.0487351 0.507214 0.06779 
0.795944 0.0304298 0.520328 0.0630971 
0.815852 0.0225188 0.524662 0.0617779 
0.803952 0.0284282 0.511429 0.0585808 
0.790454 0.0491929 0.493213 0.0678525 
0.784156 0.0445909 0.505626 0.0577327 
0.784448 0.044161 0.492876 0.0672192 
0.792763 0.044833 0.47221 0.0729926 
0.794268 0.0496176 0.471439 0.062183 
0.801347 0.0502601 0.478846 0.0616087 
0.841429 0.0761024 0.47953 0.0540373 
0.877869 0.069422 0.521244 0.0317546 
0.905363 0.0194752 0.574484 0.00602984 
0.953916 0.0014036 0.588246 0.0132828 
0.960817 -0.00255933 0.604091 0.0132378 
0.946759 0.00252759 0.594309 0 
0.932297 0.00207758 0.581959 0.00645937 
0.912922 0.0080267 0.566954 0.00963664 
0.86874 0.0510354 0.524693 0.0580531 
0.846498 0.0542038 0.499911 0.0494265 
0.855525 0.0492423 0.483735 0.0378606 
0.854844 0.0474155 0.499944 0.0377249 
0.85939 0.0462193 0.492835 0.0317152 
0.859537 0.0477617 0.518312 0.0343518 
0.853894 0.0447488 0.529133 0.0304513 
0.855257 0.0499292 0.531896 0.0262365 
0.826189 0.0735291 0.526709 0.0279483 
0.821474 0.067532 0.514656 0.032061 
0.811477 0.0697944 0.498188 0.0372014 
0.810933 0.0675536 0.499254 0.0421398 
0.817046 0.063386 0.495748 0.0431907 
0.821913 0.0611292 0.494025 0.0459206 
0.822883 0.0570306 0.499947 0.050284 
0.81197 0.0639993 0.466767 0.0608862 
0.811747 0.0602819 0.480468 0.0599802 
0.816051 0.0539248 0.465938 0.0513065 
0.818762 0.0499168 0.473317 0.0526726 
0.831563 0.0486213 0.469865 0.0577348 
0.859151 0.0735311 0.425273 0.0464885 
0.84396 0.0616513 0.462887 0.0478972 
0.833974 0.0600652 0.460841 0.0501641 
0.834377 0.0535632 0.470804 0.0537085 
0.833926 0.0449467 0.467002 0.0600954 
0.836032 0.0493063 0.477129 0.0668892 
0.835643 0.0491312 0.474629 0.0754696 
0.832496 0.0495423 0.499548 0.0785424 
0.822361 0.0455231 0.440805 0.0752384 
0.829484 0.0307055 0.449832 0.0516737 
0.830046 0.0274836 0.462347 0.0600914 
0.773762 0.0243871 0.470944 0.0411419 
0.790762 0.0339428 0.501227 0.0488745 
0.83974 0.0304108 0.643584 0.0430884 
0.807369 0.0476365 0.630502 0.0616726 
0.793086 0.053468 0.631392 0.0598986 
0.776712 0.0541303 0.654329 0.0522155 
0.786485 0.0469077 0.731013 0.0397638 
0.796644 0.0571012 0.738432 0.0124105 
0.776352 0.0572725 0.735989 0.014758 
0.763947 0.0540896 0.739147 0.0101781 
0.758056 0.055053 0.730211 0.00320188 
0.756371 0.0547895 0.749552 0.029024 
0.722459 0.0631201 0.630426 0.0569611 
0.693499 0.083002 0.590544 0.0868549 
0.634863 0.0967125 0.546621 0.121253 
0.602088 0.136759 0.543581 0.134271 
0.601237 0.161875 0.533194 0.142335 
0.59816 0.150725 0.536555 0.15795 
0.595635 0.157534 0.521081 0.146835 
0.601382 0.168348 0.53353 0.15259 
0.601393 0.162041 0.574134 0.185544 
0.605057 0.150633 0.549136 0.156326 
0.608176 0.145746 0.586796 0.144815 
0.603915 0.147151 0.584631 0.126636 
0.595491 0.146179 0.583223 0.111303 
0.575798 0.141511 0.606235 0.0949973 
0.5533 0.158243 0.603289 0.0986414 
0.51294 0.206221 0.575315 0.162622 
0.487556 0.215213 0.52467 0.201122 
0.509659 0.200196 0.606966 0.155003 
0.488796 0.214161 0.480049 0.158105 
0.489285 0.21872 0.485245 0.164516 
0.493298 0.20875 0.507945 0.136178 
0.467159 0.222122 0.494318 0.153777 
0.453305 0.223453 0.488577 0.157799 
0.486114 0.207154 0.526016 0.133651 
0.481339 0.254618 0.435304 0.262691 
0.482804 0.22376 0.521494 0.180592 
0.483369 0.213378 0.699707 0.135091 
0.471572 0.227142 0.68523 0.0897225 
0.464237 0.222606 0.685743 0.0955431 
0.456315 0.231133 0.650828 0.112126 
0.430116 0.236714 0.699126 0.106496 
0.408605 0.220457 0.690246 0.0827942 
0.357206 0.237299 0.634157 0.108526 
0.22776 0.228164 0.514266 0.222764 
0.200473 0.220608 0.503107 0.261463 
0.170552 0.208299 0.51926 0.278192 
0.143909 0.207688 0.48457 0.304625 
0.106174 0.17556 0.496277 0.250455 
0.0251604 0.125042 0.546694 0.182408 
0.0408975 0.146583 0.483482 0.2314 
-6.05285e-05 0.115867 0.519753 0.194573 
-0.00910342 0.131821 0.464089 0.239198 
-0.00247781 0.142132 0.470161 0.258232 
-0.0445231 0.161871 0.435564 0.300678 
-0.0717854 0.166422 0.402422 0.316066 
-0.0750301 0.174831 0.405808 0.274205 
-0.0805502 0.184596 0.387388 0.575878 
-0.0741325 0.189834 0.41164 0.650902 
-0.0875243 0.201374 0.39371 0.654052 
-0.099072 0.194692 0.364925 0.573683 
-0.114283 0.180368 0.39602 0.545015 
-0.141974 0.18671 0.388142 0.384018 
-0.113555 0.198739 0.339198 0.36186 
-0.0983835 0.207329 0.338379 0.377592 
-0.0970793 0.212162 0.341033 0.368519 
-0.113753 0.215653 0.336711 0.336265 
-0.182768 0.188842 0.342954 0.31185 
-0.196314 0.19381 0.352355 0.320935 
-0.198196 0.19752 0.348291 0.369806 
-0.202178 0.211157 0.331224 0.401882 
-0.200051 0.230837 0.351508 0.386254 
-0.203871 0.211809 0.408049 0.400023 
-0.220013 0.181656 0.40055 0.345568 
-0.227401 0.175873 0.392425 0.302368 
-0.240632 0.16905 0.397462 0.249742 
-0.238916 0.172348 0.411009 0.29727 
-0.238087 0.152168 0.414638 0.289143 
-0.265533 0.158449 0.422493 0.246263 
-0.256355 0.131668 0.429171 0.195345 
-0.254061 0.100697 0.437731 0.0851969 
-0.242163 0.0920008 0.454005 0.1027 
-0.229483 0.100238 0.480582 0.105801 
-0.223326 0.102839 0.485674 0.0880905 
-0.170178 0.105184 0.541297 0.0867917 
-0.14702 0.0978142 0.564336 0.0679614 
-0.169623 0.0783265 0.550377 0.0618531 
-0.132913 0.0748343 0.616308 0.00779725 
-0.122903 0.0780606 0.633385 0.0258451 
-0.131453 0.0767306 0.6614 0.0652094 
-0.137486 0.0497215 0.679932 0.14752 
-0.136674 0.0809576 0.676202 0.105931 
-0.145819 0.0835451 0.673682 0.11294 
-0.139465 0.0768495 0.68422 0.120658 
-0.138527 0.0721958 0.6965 0.128033 
-0.132627 0.0627413 0.690235 0.142875 
-0.124134 0.0531344 0.667784 0.124019 
-0.121886 0.058275 0.662391 0.12528 
-0.106152 0.0889216 0.689301 0.147644 
-0.106171 0.0893149 0.683532 0.133906 
-0.107547 0.0782564 0.68704 0.105535 
-0.143068 0.0694234 0.619513 0.0936309 
-0.156127 0.0584373 0.599539 0.0881582 
-0.169405 0.0557152 0.593516 0.0708678 
-0.14996 0.0577922 0.583894 0.0612183 
-0.15721 0.0670475 0.557087 0.0342127 
-0.144213 0.072474 0.550279 0.0406286 
-0.143402 0.0750482 0.552077 0.0417704 
-0.16009 0.0895686 0.523401 0.0181949 
-0.244709 0.0834888 0.479636 0.0221433 
-0.219845 0.0927895 0.498501 0.0239338 
-0.163618 0.112075 0.553768 0.0278072 
-0.117144 0.116222 0.590542 0.0289417 
-0.141412 0.134392 0.558908 0.00539325 
-0.11296 0.181921 0.632303 0.123871 
-0.0911416 0.217568 0.58863 0.148556 
-0.0556866 0.193504 0.494712 0.24281 
-0.0543146 0.219361 0.508245 0.32792 
-0.0406174 0.209968 0.613416 0.462438 
-0.0405466 0.196631 0.505977 0.212071 
-0.0289496 0.183202 0.53214 0.204769 
-0.00050398 0.190918 0.508959 0.22788 
0.0735736 0.164523 0.528158 0.20746 
0.070111 0.176703 0.54244 0.245482 
0.0213966 0.179352 0.518329 0.257391 
0.0333961 0.176708 0.417062 0.217119 
0.056716 0.184196 0.40784 0.205644 
0.0561687 0.162424 0.44148 0.193955 
0.0792537 0.163153 0.551746 0.286111 
0.0810225 0.157333 0.614612 0.251509 
0.102023 0.156281 0.58623 0.240938 
0.135391 0.151234 0.647851 0.195196 
0.132004 0.160273 0.576705 0.184721 
0.203429 0.218859 0.534933 0.246279 
0.19748 0.138286 0.409323 0.218295 
0.184382 0.14006 0.564325 0.198716 
0.194816 0.103366 0.633144 0.0822482 
0.213908 0.105453 0.579926 0.0846488 
0.24723 0.114421 0.616054 0.0762255 
0.264798 0.110289 0.575978 0.0712104 
0.290644 0.102616 0.663621 0.0309137 
0.326441 0.103268 0.676901 0.00176052 
0.340237 0.0990941 0.637619 0.0239886 
0.35238 0.11638 0.619248 0.00154408 
0.380468 0.133846 0.625109 0.00833663 
0.422329 0.133567 0.631775 0.0117544 
0.445453 0.133281 0.64335 0.0221029 
0.468396 0.142797 0.647023 0.0278543 
0.497286 0.126714 0.652732 0.0335867 
0.539046 0.103216 0.707759 0.000690534 
0.551809 0.096979 0.696183 0.0286893 
0.555187 0.111646 0.70864 0.0125632 
0.557508 0.124097 0.657948 0.00945556 
0.537771 0.133784 0.642362 0.0327927 
0.529153 0.135114 0.548345 0.0389259 
0.543885 0.12719 0.537647 0.0259417 
0.556706 0.111873 0.555335 0.0147782 
0.56882 0.108612 0.553989 0.0113362 
0.590045 0.105241 0.555978 0.0175104 
0.592202 0.0961362 0.591087 0.0165514 
0.592832 0.0909171 0.577677 0.00951839 
0.590636 0.088728 0.564579 0.00467069 
0.585851 0.0953725 0.557805 0.00468343 
0.587848 0.0936419 0.552382 0.00773585 
0.608864 0.0852002 0.54658 0.016573 
0.626903 0.0801384 0.584916 0.0304298 
0.686455 0.0690976 0.642621 0.0433616 
0.673957 0.0710445 0.597763 0.0391625 
0.670387 0.0733381 0.62263 0.0444533 
0.712753 0.0637166 0.624641 0.0562086 
0.733634 0.0635884 0.648949 0.0512356 
0.782411 0.0525685 0.67872 0.0641657 
0.788082 0.0464478 0.655556 0.0578864 
0.782407 0.0442665 0.675292 0.0602876 
0.790728 0.0481322 0.647451 0.0455818 
0.774673 0.0559452 0.643131 0.0369731 
0.760458 0.0599235 0.617579 0.0278928 
0.746129 0.0767874 0.608259 0.0186383 
0.77099 0.0345398 0.673203 0.00288871 
0.743107 0.0569219 0.608877 0.00182698 
0.734514 0.0538952 0.636577 0.00341797 
0.732613 0.0567092 0.649319 0.0116115 
0.740277 0.0560902 0.579011 0.0115446 
0.742406 0.0594043 0.602742 0.0153053 
0.736767 0.0561881 0.570138 0.0185131 
0.737723 0.0574711 0.5811 0.0154023 
0.733239 0.0514782 0.579697 0.0105462 
0.731131 0.0468228 0.592043 0.00660536 
0.755335 0.058308 0.576765 0.0367694 
0.737468 0.0140804 0.621744 0.018208 
0.728571 0.0178932 0.584723 0.00639444 
0.722181 0.0190733 0.577055 0.0167661 
0.712318 0.00789744 0.587343 0.0159573 
0.71396 0.00306353 0.552695 0.0212897 
0.715488 -0.00343758 0.568903 0.0262887 
0.717198 -0.00819241 0.551176 0.0315701 
0.724939 -0.01317 0.525707 0.0324932 
0.743323 0.00275908 0.551185 0.0361546 
0.78353 0.0266646 0.514953 0.0437272 
0.806633 0.0391587 0.497719 0.0404919 
0.818275 0.0406218 0.487528 0.0407092 
0.827563 0.0441568 0.50003 0.0377391 
0.823306 0.045197 0.505909 0.0336682 
0.831993 0.0319614 0.503193 0.0255668 
0.843472 0.0283637 0.509827 0.0225911 
0.844996 0.0310036 0.51291 0.0189868 
0.844073 0.0355911 0.518746 0.0211999 
0.847744 0.0310618 0.530742 0.0219595 
0.852252 0.02218 0.509002 0.0196775 
0.862519 0.0163132 0.517703 0.0172567 
0.866872 0.0184755 0.498286 0.0157316 
0.874228 0.0172297 0.538647 0.0204179 
0.874712 0.0216966 0.5266 0.0200377 
0.871997 0.0283842 0.528477 0.0213093 
0.86618 0.0343423 0.537828 0.0253396 
0.86055 0.0369015 0.541044 0.0251554 
0.86422 0.0391575 0.551615 0.0219704 
0.864014 0.0416976 0.54239 0.0215623 
0.853462 0.0477197 0.504621 0.0213791 
0.842252 0.0567763 0.557461 0.0380601 
0.830146 0.0421047 0.497989 0.0377928 
0.836847 0.0458342 0.494761 0.0397698 
0.845029 0.0476185 0.507699 0.0407238 
0.870856 0.0677539 0.598954 0.0437885 
0.873049 0.0925575 0.630059 0.0473072 
0.851419 0.0946928 0.65666 0.0534012 
0.832864 0.106882 0.599483 0.0434851 
0.802419 0.076831 0.644274 0.0459025 
0.820679 0.0778248 0.672108 0.0383441 
0.823134 0.067956 0.657495 0.0326689 
0.825185 0.0681808 0.669449 0.0362616 
0.764157 0.0956377 0.605441 0.0773097 
0.740687 0.0965077 0.574563 0.0979904 
0.760674 0.0846323 0.637394 0.0896406 
0.768822 0.0830363 0.713695 0.083758 
0.739433 0.0815496 0.666976 0.0820586 
0.724101 0.0803478 0.667146 0.0809111 
0.713887 0.0829876 0.669921 0.0697521 
0.707283 0.0792137 0.704553 0.0739895 
0.680532 0.0843666 0.681011 0.0581208 
0.686229 0.088117 0.683015 0.0717845 
0.664853 0.0935827 0.67281 0.0789954 
0.644754 0.111026 0.624107 0.105956 
0.638576 0.108523 0.654571 0.109372 
0.610553 0.137581 0.613685 0.13085 
0.540286 0.173294 0.537269 0.180508 
0.554111 0.165141 0.583432 0.181872 
0.556257 0.163757 0.623526 0.18292 
0.570304 0.153348 0.631006 0.236277 
0.593382 0.139018 0.712128 0.278437 
0.63324 0.106014 0.782425 0.190098 
0.549561 0.137403 0.696367 0.19222 
0.525045 0.134829 0.695557 0.191899 
0.510105 0.140581 0.743277 0.193785 
0.498235 0.142896 0.745524 0.162747 
0.459246 0.140858 0.762334 0.166796 
0.402576 0.154969 0.737886 0.265134 
0.360151 0.15964 0.696032 0.322324 
0.289425 0.200466 0.597982 0.399996 
0.248447 0.192173 0.595499 0.401053 
0.240581 0.183053 0.616884 0.369628 
0.215044 0.195978 0.592418 0.423212 
0.17786 0.252723 0.575902 0.471262 
0.169108 0.287492 0.557666 0.434291 
0.161296 0.26378 0.59332 0.478521 
0.163444 0.257822 0.603918 0.564434 
0.151501 0.279629 0.526624 0.507246 
0.144707 0.284061 0.63658 0.540544 
0.139302 0.272117 0.59069 0.520046 
0.130738 0.273161 0.551783 0.464217 
0.120866 0.273428 0.538909 0.435596 
0.125149 0.256281 0.644421 0.421161 
0.119518 0.258076 0.652295 0.391596 
0.124578 0.261413 0.713516 0.425779 
0.120418 0.249063 0.710498 0.41906 
0.114832 0.237657 0.663853 0.444053 
0.125007 0.240739 0.72129 0.442174 
0.119724 0.233168 0.703054 0.401493 
0.100788 0.222245 0.686346 0.405209 
0.103211 0.216237 0.667012 0.437779 
0.0783854 0.217887 0.657921 0.470962 
0.0664608 0.221573 0.635286 0.492325 
0.0767083 0.226615 0.689682 0.455378 
0.0947934 0.221512 0.63372 0.427588 
0.10296 0.216783 0.67748 0.452684 
0.0859263 0.219193 0.624367 0.466608 
0.0872907 0.220708 0.638962 0.45739 
0.0897385 0.223767 0.657496 0.487574 
0.0821716 0.214919 0.695362 0.492609 
0.0767301 0.204597 0.698969 0.483401 
0.0674311 0.197944 0.66982 0.542109 
0.050479 0.184613 0.666323 0.529472 
0.029069 0.172915 0.631548 0.513165 
0.0326274 0.175708 0.627376 0.528175 
0.0323393 0.180067 0.62666 0.512191 
0.0408676 0.159623 0.62813 0.510278 
0.0367237 0.166124 0.6364 0.52834 
0.0380879 0.172617 0.643994 0.498069 
0.0544928 0.179629 0.66454 0.531937 
0.0665656 0.199593 0.682937 0.526138 
0.0534744 0.246772 0.679312 0.520736 
0.0291454 0.276177 0.657814 0.541335 
0.0218056 0.281407 0.624949 0.555787 
0.0286022 0.269341 0.614466 0.555781 
0.045447 0.25997 0.604253 0.567349 
0.0472823 0.25122 0.582046 0.5798 
0.0737501 0.228052 0.638096 0.640976 
0.0881142 0.216345 0.682882 0.60216 
0.0904849 0.203756 0.645536 0.537557 
0.088117 0.204406 0.64868 0.530342 
0.126191 0.204677 0.528334 0.831086 
0.131834 0.206345 0.546273 0.403922 
0.153521 0.224939 0.559104 0.58301 
0.156581 0.221539 0.556636 0.490966 
0.150625 0.230687 0.55662 0.440147 
0.180005 0.23609 0.615399 0.444031 
0.142285 0.268383 0.595008 0.501368 
0.160237 0.260069 0.564269 0.417331 
0.182399 0.247732 0.57947 0.409667 
0.173044 0.247917 0.552313 0.393884 
0.133543 0.250419 0.525665 0.400409 
0.119151 0.256916 0.487518 0.381491 
0.11185 0.252683 0.458539 0.378606 
0.151841 0.247242 0.496951 0.371463 
0.162732 0.245892 0.510205 0.354444 
0.209965 0.3129 0.393895 0.525843 
0.237518 0.277004 0.451156 0.445289 
0.301277 0.262187 0.490974 0.47959 
0.413957 0.22308 0.554073 0.489958 
0.432702 0.223316 0.553111 0.523 
0.438806 0.222473 0.544566 0.518614 
0.555712 0.135104 0.72933 0.276752 
0.606546 0.120988 0.748951 0.216189 
0.555294 0.147286 0.663311 0.347003 
0.534055 0.161658 0.623967 0.388494 
0.55354 0.148446 0.632164 0.377422 
0.573378 0.132927 0.613711 0.32365 
0.557783 0.137082 0.606264 0.286593 
0.553918 0.125642 0.597433 0.245707 
0.512148 0.179648 0.518429 0.277055 
0.603162 0.157125 0.57368 0.29941 
0.590835 0.118835 0.578349 0.24866 
0.65866 0.0273 0.673513 0.16358 
0.637347 0.0557701 0.614255 0.168326 
0.630442 0.0712132 0.603724 0.174758 
0.619797 0.079478 0.582597 0.179875 
0.624707 0.0762544 0.592676 0.147522 
0.600473 0.111822 0.536641 0.175713 
0.589635 0.154609 0.506532 0.176964 
0.638677 0.176185 0.518257 0.206984 
0.651703 0.160874 0.530694 0.197709 
0.691059 0.138873 0.550317 0.140541 
0.63935 0.115908 0.529203 0.137136 
0.656825 0.109528 0.519575 0.129218 
0.654621 0.0898363 0.536887 0.110264 
0.671039 0.102404 0.556499 0.101782 
0.695615 0.101799 0.56756 0.0897005 
0.72884 0.0901996 0.613832 0.0819451 
0.721996 0.0869781 0.549702 0.0793308 
0.709328 0.110959 0.557586 0.0970261 
0.699993 0.100621 0.528411 0.10706 
0.704319 0.102688 0.550542 0.113955 
0.746918 0.072455 0.578487 0.0998326 
0.731289 0.065545 0.540297 0.100031 
0.71903 0.0715958 0.557983 0.0908391 
0.718208 0.0601256 0.551691 0.0952853 
0.697548 0.0735 0.546059 0.105888 
0.710501 0.071416 0.540526 0.106168 
0.707637 0.0838323 0.558502 0.105582 
0.720182 0.0694415 0.573783 0.0952941 
0.726595 0.0673904 0.56059 0.101092 
0.737465 0.0617297 0.574598 0.0924885 
0.736976 0.0571516 0.576053 0.0859223 
0.746782 0.0690037 0.592745 0.0849233 
0.779873 0.0148331 0.641971 0.0713359 
0.746365 0.0569821 0.596174 0.089267 
0.726645 0.0720756 0.550253 0.105759 
0.723739 0.0753166 0.56989 0.112732 
0.700294 0.0543643 0.570572 0.106269 
0.695497 0.0381433 0.545806 0.100286 
0.711776 0.0356965 0.539642 0.085612 
0.738582 0.0378471 0.492276 0.11362 
0.753988 0.0328434 0.507746 0.0986274 
0.717445 -0.0384919 0.508907 0.085777 
0.714537 -0.0477935 0.526181 0.0759047 
0.840473 -0.0624946 0.700976 0.0286727 
0.851091 -0.0266105 0.712862 0.0684146 
0.809636 -0.0203554 0.590838 0.0705125 
0.840941 0.035835 0.586453 0.0691284 
0.853722 0.0529011 0.575257 0.0690464 
0.856159 0.0572021 0.558078 0.0633367 
0.869709 0.0556964 0.556302 0.0522749 
0.897788 0.0589956 0.565435 0.0464063 
0.903445 0.0420528 0.562238 0.0286457 
0.893656 0.0432486 0.53332 0.0434454 
0.914567 0.0363153 0.539142 0.0374537 
0.913207 0.0415674 0.520672 0.0402052 
0.903841 0.0369673 0.514135 0.0454193 
0.900603 0.0233269 0.514128 0.043689 
0.909045 0.017999 0.530911 0.0321798 
0.914437 0.00481906 0.553329 0.0183417 
0.908674 0.0311849 0.52202 0.0417632 
0.829244 0.0243444 0.526012 0.0262092 
0.838264 0.035687 0.521664 0.0332674 
0.853073 0.0373892 0.481976 0.0377691 
0.864241 0.0402274 0.503578 0.0416417 
0.865788 0.042283 0.492448 0.0441059 
0.876548 0.0424981 0.488463 0.0439516 
0.915091 0.0398067 0.516751 0.0427774 
0.929808 0.0396803 0.512354 0.0442315 
0.940378 0.0396033 0.515882 0.0455347 
0.941342 0.0422993 0.536227 0.0418958 
0.944845 0.0429081 0.53067 0.0462286 
0.946269 0.0461333 0.541231 0.0531123 
0.931965 0.0469564 0.53537 0.0510911 
0.956942 0.0377596 0.568329 0.0472543 
0.956181 0.0219948 0.58844 0.0426042 
0.951147 0.0220618 0.58906 0.0407765 
0.975458 0.0175549 0.608919 0.048352 
0.950592 0.0249167 0.621424 0.0521115 
0.872669 0.0429481 0.583084 0.0595511 
0.911069 0.0483313 0.637374 0.0568688 
0.929298 0.0353437 0.667505 0.0454613 
0.935656 0.0272225 0.703282 0.0273533 
0.9425 0.0331907 0.725819 0.030821 
0.917693 0.0335308 0.745802 0.0373645 
0.892077 0.0206267 0.749981 0.0246504 
0.798205 0.0989755 0.590808 0.139372 
0.713184 0.0896666 0.571859 0.112064 
0.701227 0.0970631 0.601555 0.102657 
0.668299 0.0921472 0.630716 0.0820819 
0.665258 0.113611 0.576171 0.105395 
0.630689 0.157396 0.480052 0.1676 
0.596041 0.155268 0.42236 0.177993 
0.573049 0.161796 0.459758 0.197847 
0.563711 0.162601 0.455667 0.212752 
0.56143 0.160926 0.45932 0.190778 
0.577728 0.169107 0.483259 0.224896 
0.58267 0.165871 0.526405 0.260231 
0.580791 0.17661 0.458179 0.281298 
0.552724 0.192915 0.45812 0.302128 
0.558594 0.183502 0.484483 0.339627 
0.559926 0.182548 0.480694 0.338638 
0.567745 0.157311 0.477896 0.313825 
0.578864 0.151458 0.531204 0.300451 
0.553562 0.165985 0.546871 0.350093 
0.550419 0.152042 0.589309 0.32203 
0.533772 0.152266 0.713621 0.420367 
0.522126 0.154177 0.665985 0.34589 
0.56279 0.175327 0.818388 0.589522 
0.575979 0.131374 0.575172 0.235732 
0.560128 0.154503 0.686147 0.239985 
0.545489 0.141951 0.691738 0.231347 
0.449086 0.11728 0.668037 0.197048 
0.380743 0.129577 0.628439 0.243133 
0.338344 0.141629 0.61127 0.302931 
0.322256 0.152867 0.573718 0.324032 
0.318506 0.155284 0.596531 0.294732 
0.373112 0.206997 0.624897 0.280837 
0.333958 0.204876 0.599679 0.289476 
0.294672 0.205839 0.552993 0.303997 
0.278881 0.214107 0.581783 0.36354 
0.272687 0.224693 0.521299 0.331089 
0.247496 0.230189 0.515342 0.356111 
0.206057 0.24052 0.492297 0.412598 
0.206713 0.238517 0.49202 0.404435 
0.193683 0.240356 0.496128 0.39823 
0.194831 0.22943 0.526226 0.397316 
0.196729 0.230067 0.523631 0.406314 
0.148397 0.209901 0.472509 0.389419 
0.149055 0.211389 0.500097 0.379868 
0.155198 0.206722 0.486928 0.361166 
0.169808 0.204822 0.518496 0.37267 
0.171918 0.17993 0.534132 0.35882 
0.171283 0.165812 0.534702 0.372235 
0.168448 0.170483 0.538787 0.379518 
0.150216 0.168808 0.544143 0.401216 
0.138448 0.1629 0.537478 0.400914 
0.116952 0.183209 0.490424 0.46198 
0.114624 0.188895 0.397446 0.402792 
0.0924031 0.214079 0.370178 0.415653 
0.0952206 0.200344 0.382439 0.410618 
0.0104376 0.115915 0.434914 0.304881 
0.0418004 0.166794 0.394769 0.362254 
0.0558842 0.182683 0.402939 0.386397 
0.0780809 0.196436 0.432268 0.391727 
0.0815921 0.195497 0.447086 0.394657 
0.0709914 0.189734 0.441143 0.379116 
0.0679037 0.182155 0.44948 0.375956 
0.0621872 0.186291 0.483399 0.381682 
0.0569435 0.18916 0.476661 0.356794 
0.0401438 0.193859 0.587859 0.338324 
0.0414845 0.205507 0.61916 0.349182 
0.037524 0.207332 0.618903 0.342923 
0.0379118 0.206375 0.620167 0.345937 
0.0341082 0.211388 0.603291 0.352747 
0.0489487 0.226099 0.600212 0.315142 
0.0520439 0.20311 0.596187 0.335319 
0.052222 0.211448 0.577315 0.332678 
0.0492261 0.217595 0.57018 0.322222 
0.0488469 0.226468 0.524631 0.323216 
0.04873 0.226849 0.538989 0.333081 
0.0460235 0.240024 0.509142 0.344079 
0.0505942 0.229713 0.486294 0.337412 
0.0556762 0.213694 0.486558 0.389807 
0.085535 0.227477 0.474729 0.414248 
0.0818099 0.228742 0.460278 0.379836 
0.0714293 0.274815 0.463848 0.39363 
0.101018 0.3142 0.496391 0.408613 
0.113027 0.3142 0.400158 0.478439 
0.141011 0.300285 0.482732 0.395065 
0.1634 0.278842 0.51984 0.382294 
0.253256 0.182925 0.644529 0.326822 
0.252897 0.177853 0.673183 0.337951 
0.219963 0.164852 0.602091 0.202701 
0.224448 0.175127 0.601696 0.265703 
0.244852 0.157818 0.647597 0.29008 
0.243416 0.176077 0.576785 0.317889 
0.259173 0.189548 0.599453 0.337483 
0.301935 0.141399 0.608306 0.37164 
0.329057 0.182575 0.610565 0.355814 
0.398159 0.133842 0.696922 0.379766 
0.465806 0.103724 0.752172 0.425299 
0.467798 0.12025 0.713578 0.471583 
0.411334 0.156639 0.611634 0.351714 
0.352615 0.144571 0.55413 0.239182 
0.350826 0.160662 0.553696 0.203913 
0.500354 0.15087 0.65778 0.105309 
0.610007 0.15199 0.739567 0.087467 
0.614053 0.142022 0.728979 0.0748839 
0.57054 0.146355 0.696238 0.0888991 
0.551697 0.132302 0.600454 0.0842616 
0.534045 0.145737 0.550699 0.125395 
0.565052 0.145725 0.575372 0.112508 
0.587713 0.132534 0.651078 0.0985081 
0.588344 0.139495 0.680391 0.254347 
0.586335 0.131662 0.523671 0.228146 
0.61147 0.12796 0.594353 0.323696 
0.625882 0.116101 0.722845 0.290473 
0.625644 0.119314 0.663629 0.294529 
0.615702 0.11913 0.596031 0.271074 
0.588178 0.130513 0.584502 0.278158 
0.539999 0.148851 0.513401 0.228346 
0.547671 0.143628 0.493068 0.184818 
0.537815 0.14769 0.447763 0.191711 
0.547325 0.143276 0.434726 0.193488 
0.55797 0.109043 0.413649 0.166988 
0.550871 0.126712 0.420525 0.180472 
0.579617 0.121993 0.455769 0.187265 
0.62233 0.124989 0.492953 0.169523 
0.627504 0.135051 0.501599 0.169613 
0.632184 0.12814 0.467971 0.151869 
0.619206 0.130503 0.447268 0.148222 
0.635392 0.121605 0.485272 0.138952 
0.647371 0.127716 0.442556 0.187767 
0.715539 0.105607 0.562514 0.154587 
0.750975 0.109987 0.603246 0.13577 
0.760394 0.109526 0.573874 0.115726 
0.768809 0.107433 0.598105 0.113558 
0.773294 0.107763 0.551562 0.117517 
0.736178 0.115991 0.512264 0.113899 
0.753853 0.104923 0.525659 0.10192 
0.765999 0.0987542 0.53676 0.0976792 
0.784443 0.0920287 0.557938 0.0982332 
0.806926 0.0601886 0.560576 0.106768 
0.804768 0.0623002 0.548627 0.107636 
0.804617 0.0763113 0.549703 0.108812 
0.812969 0.0575904 0.544643 0.108756 
0.80045 0.051212 0.546186 0.101076 
0.785225 0.0472588 0.539266 0.109644 
0.775857 0.040397 0.541278 0.11887 
0.770801 0.0307487 0.526513 0.108742 
0.75343 -0.0020427 0.52224 0.128929 
0.72772 -0.0172335 0.527504 0.138643 
0.71597 -0.0175835 0.50978 0.149228 
0.762211 0.0334805 0.537418 0.145008 
0.777526 0.054777 0.499001 0.117781 
0.758166 0.098497 0.475629 0.118027 
0.7768 0.114341 0.467201 0.119725 
0.801788 0.103641 0.47534 0.112068 
0.786212 0.125205 0.446123 0.112357 
0.804878 0.117485 0.494919 0.109613 
0.802578 0.114987 0.47485 0.0954274 
0.824666 0.0866645 0.495774 0.0892703 
0.831778 0.0591074 0.482131 0.0890226 
0.835941 0.0433654 0.481289 0.0740298 
0.828643 0.0412868 0.476293 0.052788 
0.832528 0.0505786 0.500498 0.05712 
0.829454 0.0604792 0.47555 0.0624338 
0.836679 0.0576355 0.48668 0.0625807 
0.847431 0.0604602 0.494533 0.0590805 
0.855022 0.0599299 0.498182 0.0564785 
0.864086 0.0599392 0.493065 0.0593314 
0.870145 0.0737496 0.487806 0.0555812 
0.860957 0.0749471 0.496526 0.0555361 
0.858257 0.0729747 0.499607 0.0521709 
0.860522 0.0671442 0.506845 0.0565449 
0.864626 0.059059 0.501464 0.0518913 
0.875843 0.0500533 0.496169 0.0526239 
0.875052 0.052319 0.485922 0.0559555 
0.875503 0.0543076 0.493203 0.0584146 
0.851865 0.0794815 0.486141 0.0609821 
0.851998 0.0690523 0.507656 0.0581557 
0.852975 0.0611322 0.494052 0.0621254 
0.854066 0.0553637 0.500254 0.058654 
0.8461 0.0532898 0.495753 0.0590947 
0.835611 0.0587703 0.50547 0.055996 
0.808562 0.0548322 0.490065 0.064188 
0.749919 0.0842895 0.478781 0.0728535 
0.743025 0.0867799 0.483304 0.0773907 
0.744208 0.095162 0.481009 0.0839337 
0.744735 0.101141 0.49945 0.0927392 
0.738162 0.121357 0.517221 0.0900438 
0.758508 0.105381 0.540159 0.0920998 
0.785395 0.107407 0.565152 0.0985148 
0.797139 0.107023 0.576387 0.108842 
0.791349 0.0981255 0.607328 0.114669 
0.806765 0.077016 0.645361 0.105907 
0.826552 0.0631206 0.657924 0.0932405 
0.84497 0.0431753 0.66853 0.102747 
0.867648 0.0241816 0.744489 0.103783 
0.918882 -0.0200328 0.832307 0.0696468 
0.827974 -0.0153126 0.738947 0.106652 
0.784151 -0.00759807 0.713319 0.123547 
0.791497 -0.0195392 0.764542 0.125954 
0.752262 0.00279437 0.748881 0.151125 
0.708635 0.0374446 0.729161 0.177902 
0.702574 0.0671094 0.709484 0.173429 
0.667962 0.0891202 0.678336 0.100381 
0.642279 0.0889459 0.65856 0.075198 
0.659817 0.0750338 0.705761 0.110443 
0.640863 0.0913905 0.690538 0.124245 
0.646777 0.097227 0.686217 0.109415 
0.655223 0.0946858 0.693113 0.0970833 
0.646798 0.0898953 0.703854 0.0918038 
0.630921 0.093754 0.651869 0.103896 
0.628329 0.100688 0.659558 0.125128 
0.622129 0.109931 0.657034 0.100875 
0.626877 0.110353 0.684793 0.116651 
0.616426 0.122907 0.664946 0.123158 
0.591791 0.13165 0.605905 0.150203 
0.563189 0.131538 0.600055 0.213338 
0.620582 0.11014 0.726046 0.171571 
0.645236 0.0989087 0.662027 0.148872 
0.622545 0.111843 0.772341 0.152707 
0.613286 0.114416 0.669633 0.145673 
0.536704 0.138043 0.531759 0.169193 
0.55969 0.139942 0.593946 0.17538 
0.570749 0.137419 0.633748 0.173386 
0.572933 0.127002 0.832502 0.26795 
0.476504 0.122395 0.796136 0.380628 
0.399036 0.159425 0.722858 0.549385 
0.292892 0.165217 0.401921 0.371311 
0.270049 0.164274 0.574971 0.370529 
0.292294 0.159373 0.585101 0.376083 
0.314421 0.177197 0.599425 0.35822 
0.291155 0.177338 0.591139 0.379523 
0.293834 0.192013 0.584679 0.374488 
0.271469 0.179987 0.57098 0.36214 
0.25016 0.184095 0.561491 0.337723 
0.229788 0.178196 0.560722 0.31456 
0.228473 0.176434 0.578438 0.304142 
0.23847 0.189048 0.606798 0.287644 
0.18461 0.227843 0.58763 0.283114 
0.167616 0.256529 0.538657 0.302417 
0.146458 0.200894 0.524363 0.33119 
0.163891 0.174437 0.549454 0.322049 
0.13562 0.12845 0.550436 0.359804 
0.135355 0.0765255 0.604603 0.315118 
0.13165 0.090081 0.589189 0.359902 
0.156303 0.116555 0.59185 0.34982 
0.233396 0.134319 0.583356 0.362592 
0.210093 0.129142 0.596776 0.367971 
0.193343 0.127095 0.603075 0.376223 
0.188743 0.155861 0.595358 0.41112 
0.177914 0.153731 0.604692 0.416003 
0.181874 0.164201 0.562755 0.437127 
0.191339 0.17212 0.589945 0.45751 
0.171317 0.1611 0.659826 0.540167 
0.16657 0.152926 0.666741 0.505382 
0.152099 0.164787 0.675274 0.508778 
0.149762 0.177962 0.593845 0.421606 
0.123065 0.186325 0.680836 0.489701 
0.0956936 0.176623 0.68347 0.412815 
0.095356 0.166724 0.685889 0.450079 
-0.0255446 0.251986 0.503912 0.793444 
0.0219705 0.211325 0.57741 0.629155 
0.0159389 0.205464 0.424483 0.363452 
-0.00578401 0.189434 0.450724 0.32097 
-0.0276862 0.1961 0.54566 0.406727 
-0.0225901 0.192146 0.523753 0.376401 
-0.0177457 0.181996 0.541958 0.452698 
-0.003663 0.171176 0.540919 0.419554 
-0.00308814 0.170429 0.545638 0.359243 
0.0404939 0.15124 0.574703 0.249642 
0.0377808 0.160179 0.548696 0.294019 
0.0386409 0.156289 0.508384 0.294043 
0.0420767 0.171742 0.558123 0.491341 
0.0621705 0.163717 0.578528 0.423779 
0.0797827 0.1711 0.614391 0.389996 
0.0862738 0.172127 0.612846 0.433723 
0.0948775 0.175985 0.60303 0.423472 
0.0938671 0.197234 0.587897 0.400539 
0.116554 0.208763 0.550802 0.284266 
0.14041 0.181173 0.548494 0.29378 
0.165114 0.169373 0.534784 0.299389 
0.209527 0.148949 0.55708 0.298445 
0.281003 0.129606 0.591293 0.295975 
0.309816 0.121409 0.593803 0.29808 
0.324954 0.149474 0.627712 0.761955 
0.311146 0.122368 0.691459 0.626301 
0.32983 0.132551 0.71886 0.615489 
0.312992 0.130565 0.596753 0.433844 
0.321141 0.116843 0.589221 0.387662 
0.36758 0.154299 0.595097 0.326152 
0.400119 0.150029 0.616273 0.3174 
0.513894 0.0939471 0.705797 0.195996 
0.633059 0.074743 0.878479 0.237507 
0.611008 0.0891384 0.669364 0.150452 
0.595651 0.102165 0.628465 0.166985 
0.587253 0.107201 0.783568 0.342355 
0.590638 0.112526 0.614177 0.159841 
0.587343 0.123531 0.586852 0.164079 
0.595824 0.123723 0.57375 0.157685 
0.600029 0.126537 0.565139 0.156953 
0.603489 0.125835 0.56804 0.146173 
0.593512 0.139087 0.562896 0.147049 
0.589331 0.144588 0.633408 0.139608 
0.588193 0.135414 0.646751 0.140928 
0.596313 0.121665 0.555611 0.145545 
0.592284 0.119671 0.543635 0.156922 
0.5911 0.120178 0.584342 0.165946 
0.579107 0.126118 0.530296 0.182865 
0.583409 0.121653 0.498079 0.253466 
0.601362 0.0982668 0.495732 0.244823 
0.619992 0.091702 0.483824 0.256229 
0.674147 0.114819 0.554853 0.300052 
0.665751 0.105243 0.545076 0.267546 
0.656509 0.147338 0.514194 0.284617 
0.617341 0.162445 0.447726 0.279122 
0.580578 0.169642 0.412585 0.258623 
0.577245 0.167374 0.415553 0.233252 
0.58768 0.150769 0.432024 0.180874 
0.59625 0.145911 0.455317 0.164981 
0.602442 0.146996 0.462554 0.145072 
0.635087 0.125712 0.521719 0.0894813 
0.65935 0.112524 0.554714 0.0512193 
0.704419 0.105312 0.618933 0.0225091 
0.769212 0.0911171 0.673085 0.0120498 
0.78269 0.0834212 0.696709 0.0151211 
0.788222 0.0780721 0.700401 0.0193722 
0.783575 0.0745484 0.678634 0.0337566 
0.783594 0.0842091 0.654752 0.017408 
0.776709 0.0857802 0.66655 0.0150222 
0.774833 0.0822628 0.649717 0.0122704 
0.764063 0.089473 0.622702 0.00589993 
0.769544 0.0941027 0.617768 0.00714295 
0.758502 0.116827 0.649932 0.0229133 
0.763611 0.113047 0.648719 0.0254171 
0.814084 0.0948331 0.644478 0.0134788 
0.843708 0.0746979 0.686382 0.00212837 
0.826286 0.0702707 0.649787 0.0267406 
0.816438 0.0646954 0.654033 0.040797 
0.805596 0.0692363 0.634976 0.0601748 
0.797821 0.0947638 0.569328 0.0711434 
0.783783 0.0597522 0.646584 0.0889112 
0.764843 0.0564259 0.591594 0.0892543 
0.776623 0.0481761 0.635677 0.0944787 
0.831269 0.0384707 0.630814 0.0633791 
0.85071 0.0371902 0.661873 0.0738474 
0.905929 0.02528 0.666933 0.0502461 
0.919724 0.0254214 0.653159 0.0379879 
0.935826 0.057295 0.649493 0.0422275 
0.952651 0.0615654 0.651177 0.0420662 
0.947028 0.06712 0.608943 0.0460089 
0.952127 0.056955 0.607635 0.0461241 
0.94334 0.0552711 0.610454 0.0521527 
0.968303 0.0320771 0.638416 0.0665772 
0.958938 0.0356646 0.61053 0.0604122 
0.935847 0.0330262 0.590027 0.0588874 
0.909104 0.0260924 0.567013 0.054109 
