1.34628 -0.218357 0.335403 0.840819
1.34929 -0.215108 0.3335 0.919754
1.35422 -0.211115 0.330271 1.04325
1.36025 -0.203396 0.326088 1.09366
1.36324 -0.201428 0.326542 1.14339
1.36977 -0.192414 0.327205 1.29616
1.368 -0.194201 0.327021 1.11144
1.37133 -0.190031 0.318613 1.15588
1.35654 -0.206593 0.341909 0.738962
1.33848 -0.223968 0.354237 0.520266
1.33417 -0.227453 0.358405 0.503953
1.32736 -0.232837 0.349928 0.49542
1.33574 -0.227073 0.347699 0.546127
1.32889 -0.232433 0.344774 0.511712
1.32814 -0.233818 0.350506 0.527435
1.32978 -0.232446 0.353011 0.500707
1.32997 -0.233371 0.348073 0.47623
1.33402 -0.229398 0.355834 0.508669
1.33782 -0.225297 0.360564 0.516665
1.33917 -0.224183 0.352356 0.52419
1.32677 -0.237583 0.355856 0.477367
1.32905 -0.235094 0.35941 0.506641
1.33398 -0.229966 0.360952 0.525954
1.33866 -0.224033 0.358261 0.526767
1.33965 -0.222119 0.362814 0.513979
1.3411 -0.222295 0.355513 0.52107
1.34049 -0.222936 0.354195 0.50308
1.33711 -0.225678 0.34921 0.466189
1.33286 -0.230425 0.355162 0.459016
1.32299 -0.241647 0.369904 0.429485
1.32591 -0.239203 0.360177 0.430884
1.33028 -0.232958 0.360777 0.439536
1.33877 -0.224892 0.359136 0.441055
1.34157 -0.220986 0.364892 0.450887
1.34449 -0.21837 0.35476 0.438772
1.34625 -0.2142 0.347653 0.43292
1.3473 -0.211373 0.356186 0.423999
1.34691 -0.211528 0.359841 0.412487
1.34555 -0.213995 0.366311 0.411721
1.34807 -0.211717 0.369689 0.388261
1.34421 -0.217509 0.363032 0.418085
1.33757 -0.224429 0.376722 0.416436
1.34303 -0.218241 0.361214 0.378523
1.34097 -0.219752 0.361125 0.39295
1.34288 -0.217889 0.356651 0.391245
1.34278 -0.216613 0.350604 0.360728
1.3442 -0.214966 0.359145 0.349221
1.3492 -0.209478 0.356612 0.350899
1.34929 -0.2081 0.346636 0.34297
1.34789 -0.210823 0.353693 0.352009
1.34043 -0.219011 0.354138 0.350872
1.33772 -0.222613 0.350252 0.335836
1.33913 -0.220878 0.358486 0.349539
1.33726 -0.222778 0.364968 0.354146
1.33905 -0.221849 0.348609 0.36116
1.33728 -0.224124 0.348643 0.372591
1.33387 -0.226395 0.3421 0.34939
1.33085 -0.230439 0.340653 0.33853
1.32962 -0.231423 0.347973 0.347255
1.33675 -0.224134 0.349527 0.360974
1.3379 -0.223625 0.350115 0.375864
1.34881 -0.214887 0.344003 0.416016
1.36429 -0.197187 0.324416 0.487931
1.37264 -0.187977 0.316166 0.540925
1.36561 -0.195621 0.345926 0.475323
1.36817 -0.191076 0.349682 0.466833
1.3579 -0.200588 0.338963 0.426029
1.35416 -0.204642 0.333212 0.41646
1.36205 -0.199312 0.329482 0.566974
1.35523 -0.20737 0.333485 0.620233
1.34735 -0.219435 0.352577 0.771208
1.32085 -0.246757 0.372915 0.694169
1.29796 -0.270368 0.368917 0.791394
1.27623 -0.293226 0.369896 0.756985
1.255 -0.315035 0.387196 0.976937
1.22877 -0.341228 0.409412 1.04364
1.20747 -0.362167 0.407881 1.22338
1.18531 -0.385052 0.425732 1.50436
1.15392 -0.416673 0.445744 1.5297
1.1177 -0.452983 0.472416 1.55929
1.08697 -0.483818 0.502434 1.70422
1.05825 -0.512542 0.539878 1.83608
1.03229 -0.53847 0.578316 1.96602
0.996635 -0.574146 0.611259 2.06946
0.960136 -0.610522 0.646209 2.0857
0.910091 -0.66063 0.640038 2.0857
0.870421 -0.700375 0.657295 2.0857
0.826505 -0.744112 0.666464 2.0857
0.788148 -0.782082 0.677288 2.0857
0.75413 -0.815409 0.704749 2.0857
0.70397 -0.865029 0.715881 2.0857
0.67288 -0.894167 0.72091 2.0857
0.632859 -0.931803 0.724166 2.0857
0.583344 -0.97878 0.740792 2.0857
0.538659 -1.01924 0.753204 2.0857
0.478485 -1.073 0.765008 2.0857
0.423083 -1.11887 0.77256 2.0857
0.374831 -1.1577 0.804559 2.0857
0.312559 -1.20779 0.823653 2.0857
0.229641 -1.271 0.830608 2.0857
0.168481 -1.30567 0.868884 2.0857
0.115464 -1.32358 0.910803 2.0857
0.070449 -1.3265 0.959485 2.0857
0.00879414 -1.3265 0.985678 2.0857
-0.041995 -1.32641 1.03469 2.0857
-0.0979786 -1.30806 1.05942 2.0857
-0.134002 -1.28525 1.10459 2.0857
-0.168689 -1.26768 1.13633 2.0857
-0.199297 -1.23941 1.17508 2.0857
-0.223278 -1.21792 1.23672 2.0857
-0.244237 -1.20036 1.29515 2.0857
-0.261385 -1.18953 1.36541 2.0857
-0.248678 -1.19277 1.45239 2.0857
-0.253791 -1.18944 1.51769 2.0857
-0.255654 -1.19009 1.5446 2.0857
-0.246591 -1.18988 1.5446 2.0857
-0.245243 -1.18551 1.5446 2.0857
-0.239914 -1.193 1.5446 2.0857
-0.230454 -1.20084 1.5446 2.0857
-0.231817 -1.19539 1.5446 2.0857
-0.221183 -1.20179 1.5446 2.0857
-0.216019 -1.19568 1.5446 2.0857
-0.215786 -1.17261 1.5446 2.0857
-0.210856 -1.17188 1.5446 2.0857
-0.18954 -1.18696 1.5446 2.0857
-0.15293 -1.1959 1.5446 2.0857
-0.125938 -1.20575 1.5446 2.0857
-0.103216 -1.21591 1.5446 2.0857
-0.0820471 -1.22645 1.5446 2.0857
-0.0504602 -1.24752 1.5446 2.0857
-0.0355331 -1.24372 1.5446 2.0857
-0.031697 -1.23683 1.5446 2.0857
-0.0410683 -1.23092 1.5446 2.0857
-0.0701694 -1.21814 1.5446 2.0857
-0.0904048 -1.2195 1.5446 2.0857
-0.103891 -1.20324 1.5446 2.0857
-0.102084 -1.19805 1.5446 2.0857
-0.0859395 -1.20221 1.5446 2.0857
-0.0666896 -1.19833 1.5446 2.0857
-0.0528792 -1.18418 1.5446 2.0857
-0.0296356 -1.18946 1.54416 2.0857
-0.0137552 -1.18724 1.45339 2.0857
0.0090847 -1.19726 1.38137 2.0857
0.0167196 -1.2136 1.28015 2.0857
0.0185853 -1.2189 1.19868 2.0857
0.0251829 -1.22459 1.10472 2.0857
0.0291591 -1.23961 1.01845 2.0857
0.0338898 -1.25944 0.950035 2.0857
0.0280852 -1.27536 0.852102 2.0857
0.0207704 -1.28425 0.777906 2.0857
0.0146028 -1.2881 0.704211 2.0857
0.018414 -1.28819 0.641492 2.0857
0.0233851 -1.28838 0.599741 2.0857
0.0295729 -1.30502 0.559812 2.0857
0.0317302 -1.30942 0.505648 2.0857
0.0456466 -1.31422 0.484268 2.0857
0.0534899 -1.31484 0.456825 2.0857
0.0578449 -1.31528 0.432376 2.0857
0.0632538 -1.30905 0.406329 2.0857
0.0729347 -1.3058 0.394443 2.0857
0.0772645 -1.30289 0.396719 2.0857
0.0774496 -1.29588 0.395239 2.0857
0.0844131 -1.28726 0.420375 2.0857
0.0792391 -1.27777 0.447994 2.0857
0.0673483 -1.27264 0.471728 2.0857
0.0570837 -1.2716 0.499697 2.0857
0.0483171 -1.26465 0.544862 2.0857
0.0314356 -1.25959 0.589871 2.0857
0.0169526 -1.24826 0.634994 2.0857
0.0113086 -1.2419 0.692622 2.0857
0.0034346 -1.22677 0.763118 2.0857
-0.00382966 -1.21478 0.833938 2.0857
-0.0168123 -1.19931 0.89921 2.0857
-0.0331472 -1.18587 0.966798 2.0857
-0.0374128 -1.18978 1.03787 2.0857
-0.0528436 -1.16468 1.08903 2.0857
-0.0585013 -1.15464 1.16032 2.0857
-0.0655895 -1.14967 1.22505 2.0857
-0.0652851 -1.14982 1.30628 2.0857
-0.0783412 -1.15933 1.36782 2.0857
-0.0807024 -1.17771 1.45717 2.0857
-0.0735255 -1.19331 1.53294 2.0857
-0.0772542 -1.19976 1.5446 2.0857
-0.0955143 -1.20626 1.5446 2.0857
-0.0957844 -1.21259 1.5446 2.0857
-0.0919624 -1.20698 1.5446 2.0857
-0.0999443 -1.19454 1.5446 2.0857
-0.0857239 -1.19156 1.5446 2.0857
-0.0773522 -1.19372 1.5446 2.0857
-0.0808624 -1.19675 1.5446 2.0857
-0.0739893 -1.21741 1.5446 2.0857
-0.0789043 -1.23406 1.5446 2.0857
-0.0833415 -1.2265 1.5446 2.0857
-0.074062 -1.23483 1.5446 2.0857
-0.0717157 -1.2387 1.5446 2.0857
-0.0699933 -1.23366 1.5446 2.0857
-0.0668441 -1.24145 1.5446 2.0857
-0.0729415 -1.23377 1.5446 2.0857
-0.0581196 -1.20981 1.5446 2.0857
-0.0457872 -1.21734 1.5446 2.0857
-0.0192897 -1.23201 1.5446 2.0857
-0.00813931 -1.22804 1.5446 2.0857
0.00485734 -1.22643 1.5446 2.0857
0.0261159 -1.23258 1.5446 2.0857
0.0471538 -1.23327 1.49674 2.0857
0.0590065 -1.23485 1.41133 2.0857
0.0631884 -1.23317 1.31787 2.0857
0.0745273 -1.23656 1.24127 2.0857
0.0850998 -1.24118 1.15423 2.0857
0.101496 -1.25458 1.0891 2.0857
0.11169 -1.2575 1.03136 2.0857
0.115976 -1.26717 0.955334 2.0857
0.113971 -1.27439 0.879661 2.0857
0.117332 -1.27679 0.82709 2.0857
0.130836 -1.27676 0.76473 2.0857
0.146057 -1.27941 0.715759 2.0857
0.150136 -1.28355 0.655281 2.0857
0.158615 -1.28644 0.608565 2.0857
0.174762 -1.27228 0.587779 2.0857
0.177476 -1.2694 0.554303 2.0857
0.179444 -1.26688 0.524887 2.0857
0.185928 -1.26566 0.496896 2.0857
0.192356 -1.26537 0.480255 2.0857
0.204441 -1.25921 0.475209 2.0857
0.20634 -1.25651 0.484794 2.0857
0.202967 -1.25523 0.486273 2.0857
0.207771 -1.24981 0.522157 2.0857
0.197684 -1.25228 0.532389 2.0857
0.180023 -1.258 0.551869 2.0857
0.170428 -1.25348 0.597559 2.0857
0.157217 -1.25617 0.649649 2.0857
0.143238 -1.25025 0.716258 2.0857
0.132949 -1.24859 0.787657 2.0857
0.114454 -1.24399 0.857771 2.0857
0.0978927 -1.23627 0.931152 2.0857
0.0942493 -1.22566 1.02493 2.0857
0.0843724 -1.22101 1.0971 2.0857
0.0733992 -1.2139 1.1848 2.0857
0.0661482 -1.21586 1.27216 2.0857
0.0555701 -1.20423 1.33663 2.0857
0.0453438 -1.19653 1.41522 2.0857
0.0387988 -1.19106 1.46478 2.0857
0.0405161 -1.18557 1.52516 2.0857
0.0444454 -1.1732 1.5446 2.0857
0.0407394 -1.17451 1.5446 2.0857
0.0361185 -1.18387 1.5446 2.0857
0.021976 -1.19337 1.5446 2.0857
0.00763586 -1.18923 1.5446 2.0857
0.00597544 -1.18167 1.5446 2.0857
-0.00609763 -1.18499 1.5446 2.0857
0.0026573 -1.19616 1.5446 2.0857
0.000662401 -1.20889 1.5446 2.0857
-0.00662339 -1.21114 1.5446 2.0857
-0.0164404 -1.20705 1.5446 2.0857
-0.0328975 -1.19993 1.5446 2.0857
-0.0385196 -1.2088 1.5446 2.0857
-0.0431146 -1.21217 1.5446 2.0857
-0.0415489 -1.21123 1.5446 2.0857
-0.0402081 -1.22049 1.5446 2.0857
-0.0424853 -1.2262 1.5446 2.0857
-0.0447792 -1.22559 1.5446 2.0857
-0.0441836 -1.22472 1.5446 2.0857
-0.0642913 -1.22549 1.5446 2.0857
-0.0899479 -1.20715 1.5446 2.0857
-0.106723 -1.18596 1.5446 2.0857
-0.12564 -1.15996 1.5446 2.0857
-0.117177 -1.14823 1.5446 2.0857
-0.121006 -1.13334 1.5446 2.0857
-0.120929 -1.12933 1.5446 2.0857
-0.114236 -1.11127 1.5446 2.0857
-0.113537 -1.09414 1.50716 2.0857
-0.100016 -1.07496 1.44306 2.0857
-0.0837369 -1.06621 1.37737 2.0857
-0.062014 -1.0652 1.32334 2.0857
-0.0518469 -1.06371 1.27052 2.0857
-0.0405084 -1.05881 1.21439 2.0857
-0.0310469 -1.04517 1.16988 2.0857
-0.0231627 -1.03448 1.12089 2.0857
0.00152305 -1.01912 1.06937 2.07028
0.0111157 -1.00709 1.02036 2.0366
0.0234423 -1.00144 0.975024 1.99747
0.053642 -0.996634 0.961932 1.98976
0.0795665 -0.995727 0.947545 1.96318
0.0940146 -0.997582 0.941573 1.93563
0.10022 -0.979817 0.906039 1.89483
0.119129 -0.964264 0.866595 1.88914
0.132059 -0.952163 0.825343 1.86036
0.158724 -0.948166 0.813045 1.8464
0.181433 -0.941954 0.796146 1.81142
0.190531 -0.936979 0.770106 1.77077
0.210999 -0.920952 0.741726 1.76983
0.233416 -0.911025 0.718825 1.76963
0.237911 -0.905949 0.688468 1.72766
0.273595 -0.901174 0.697093 1.7381
0.309017 -0.87572 0.677712 1.75826
0.329971 -0.85694 0.65434 1.72581
0.351267 -0.838478 0.655661 1.70267
0.370379 -0.815904 0.630108 1.66375
0.398192 -0.79281 0.617054 1.65444
0.429637 -0.774325 0.608926 1.66811
0.457949 -0.756555 0.599589 1.65417
0.470108 -0.739318 0.564617 1.60429
0.484677 -0.731014 0.52723 1.5578
0.500882 -0.720957 0.499748 1.52533
0.529259 -0.702423 0.490356 1.54774
0.548256 -0.695284 0.4794 1.5298
0.563838 -0.697048 0.465246 1.45831
0.590439 -0.677398 0.444265 1.48557
0.610639 -0.663826 0.422172 1.4426
0.634635 -0.661257 0.422122 1.38868
0.662338 -0.645126 0.419716 1.36455
0.678618 -0.638475 0.427473 1.28364
0.684389 -0.640357 0.408882 1.17297
0.713598 -0.631707 0.432896 1.15492
0.738315 -0.624633 0.430699 1.09853
0.761067 -0.60677 0.415394 1.05938
0.778641 -0.59719 0.414504 0.964188
0.815604 -0.572019 0.412348 0.98634
0.835847 -0.563254 0.423952 0.956827
0.847256 -0.562991 0.437278 0.889219
0.867608 -0.553586 0.431911 0.885241
0.882695 -0.553161 0.44155 0.852477
0.894122 -0.54951 0.46206 0.778614
0.917595 -0.536747 0.462551 0.79122
0.938168 -0.526715 0.469134 0.792003
0.955969 -0.513474 0.478467 0.74566
0.981853 -0.491093 0.482833 0.715391
1.00192 -0.475694 0.4827 0.685479
1.01856 -0.464378 0.487206 0.637574
1.0476 -0.446401 0.501604 0.646014
1.06805 -0.430511 0.497568 0.6103
1.08999 -0.415954 0.495291 0.587615
1.11076 -0.403815 0.504815 0.546309
1.13136 -0.385607 0.476859 0.492375
1.14843 -0.372353 0.470332 0.457901
1.15948 -0.364337 0.467598 0.408339
1.1777 -0.3509 0.461002 0.378859
1.19674 -0.336832 0.449845 0.374406
1.21951 -0.320333 0.445545 0.370578
1.23492 -0.30933 0.443567 0.342697
1.24019 -0.306826 0.446285 0.317695
1.24619 -0.301599 0.437972 0.294254
1.25747 -0.293156 0.431925 0.293122
1.27447 -0.281955 0.426456 0.297148
1.28845 -0.27223 0.414541 0.293344
1.30227 -0.260241 0.406657 0.298035
1.30728 -0.259057 0.40586 0.336809
1.32213 -0.244219 0.38111 0.337544
1.31084 -0.257596 0.388954 0.391652
1.30653 -0.263183 0.381088 0.436511
1.29973 -0.270919 0.374297 0.459992
1.30355 -0.267226 0.362276 0.474778
1.30036 -0.270436 0.363217 0.476417
1.29319 -0.277429 0.364419 0.462546
1.30027 -0.27048 0.353814 0.470721
1.29373 -0.27684 0.350286 0.446983
1.28878 -0.280517 0.333385 0.448418
1.27731 -0.290687 0.348347 0.410812
1.28247 -0.285992 0.320921 0.34025
1.28751 -0.281629 0.301359 0.296495
1.29916 -0.270381 0.282483 0.279269
1.30741 -0.262986 0.256212 0.276088
1.31506 -0.25527 0.228458 0.272261
1.31361 -0.257045 0.219302 0.251291
1.31839 -0.252263 0.20197 0.24321
1.3175 -0.253064 0.208248 0.249491
1.318 -0.252451 0.204521 0.239398
1.31451 -0.25589 0.20893 0.251909
1.31099 -0.259262 0.218629 0.26415
1.30874 -0.260524 0.238489 0.289953
1.30656 -0.26308 0.240403 0.284081
1.3084 -0.261439 0.236095 0.296188
1.3054 -0.264995 0.238948 0.290592
1.30104 -0.268645 0.255484 0.278771
1.29626 -0.272884 0.28046 0.278629
1.29025 -0.278472 0.291162 0.268998
1.28145 -0.286427 0.302768 0.268515
1.2805 -0.287413 0.314491 0.286006
1.28215 -0.285199 0.309299 0.284743
1.28435 -0.282604 0.302793 0.27584
1.28831 -0.27908 0.295793 0.27233
1.2907 -0.277387 0.289078 0.26355
1.29181 -0.275554 0.289014 0.264811
1.28505 -0.282386 0.292918 0.265283
1.2868 -0.280556 0.290099 0.267699
1.2908 -0.276244 0.290258 0.271957
1.28506 -0.282637 0.288493 0.267524
1.28212 -0.283749 0.289374 0.274572
1.27849 -0.28687 0.294574 0.280106
1.27767 -0.288669 0.29172 0.279496
1.28628 -0.281106 0.274988 0.284769
1.28507 -0.282789 0.283835 0.274981
1.28655 -0.281712 0.278053 0.28253
1.28216 -0.284219 0.290935 0.301066
1.26708 -0.298804 0.29659 0.28859
1.26231 -0.303827 0.299912 0.289679
1.26007 -0.305812 0.30292 0.298137
1.25694 -0.308732 0.306655 0.293032
1.25531 -0.311486 0.304053 0.281593
1.25918 -0.307666 0.301437 0.286396 
