4.92758 -4.47598 0 
1.32077 -0.0411072 0 
-4.39313 3.4082 0 
1.58603 0.521698 22 
2.56479 -12.9032 -22 
-4.6524 16.3745 0 
-0.927887 1.38367 0 
5.06949 -4.58578 0 
-3.76797 1.34821 0 
1.10123 -1.78857 11 
5.10165 -3.15762 0 
-5.077 5.71802 0 
-0.899567 -0.220276 -11 
0.383026 -1.2959 11 
-0.306732 -0.661591 0 
1.48709 1.56317 -11 
4.14957 -4.73737 11 
-8.16812 6.51385 -11 
2.69067 -5.82974 11 
4.53702 -0.69632 0 
-5.06927 4.72876 0 
-1.15601 0.644348 -11 
2.6799 -4.45697 11 
-2.97058 4.55923 -11 
-0.492035 0.985687 0 
-0.10611 -1.15411 0 
1.90286 -2.85669 11 
0.45105 2.78214 0 
-1.23325 2.599 -22 
1.32715 -5.59268 0 
-0.623993 4.03033 11 
-0.814911 -1.39771 0 
0.941803 -0.826996 11 
-1.35306 -1.1651 -11 
-0.353882 0.65271 0 
3.86697 1.49789 0 
-0.905975 -0.813721 11 
-2.07025 -0.415222 -11 
3.33163 -1.99948 0 
-2.3139 3.57962 0 
4.33807 -4.20966 0 
-3.35925 1.9711 11 
2.84601 -0.107147 -11 
1.59769 -0.535797 11 
-6.64188 1.05145 -11 
4.64499 0.922516 11 
-3.68182 0.657532 -11 
5.19299 -6.0473 11 
-4.98801 4.27261 -11 
2.19376 -0.111389 11 
-2.05054 0.218384 -11 
-0.352844 1.70309 0 
1.09903 -1.06854 11 
-1.21988 -3.35367 -11 
3.58804 -0.167053 0 
2.13208 -8.86307 0 
-6.8667 11.2797 0 
2.17877 -3.04135 11 
-0.97934 4.01935 -11 
-0.164917 0.386139 0 
3.36612 -5.30429 0 
-4.49512 5.65079 0 
0.834961 1.21609 0 
-1.89877 1.39664 0 
1.95926 -5.1474 0 
-0.4375 0.328308 0 
0.35257 0.874725 0 
-1.96457 2.73868 0 
2.74255 -1.96317 11 
3.57809 -7.83597 -11 
-3.62946 5.10712 0 
2.02936 -1.54245 0 
-1.56738 3.61398 0 
1.22952 -0.0273743 0 
3.04361 -3.4704 11 
1.49576 -2.76559 0 
-4.89325 3.1813 -11 
5.37418 -4.07452 11 
-0.77887 2.89224 0 
0.937683 -3.64304 -11 
-1.18179 3.30154 11 
0.28949 -1.10297 0 
-3.20187 2.88501 -11 
1.0112 0.226685 0 
2.75165 -4.56464 11 
-0.502472 0.98111 -11 
-1.52682 -1.69284 11 
-1.39999 1.70352 -11 
0.991211 -1.02112 0 
-3.77414 4.35391 -11 
7.11804 -4.59747 11 
-2.68036 3.00272 0 
1.74008 0.0259705 0 
-1.4671 1.09811 0 
-0.167236 1.69098 0 
3.1362 -1.92621 0 
1.03271 0.0302734 0 
-1.44885 0.694824 -11 
1.24512 -0.864624 11 
0.783936 1.23645 0 
-0.587433 -1.04962 0 
-0.96344 2.3804 0 
-0.0349121 -1.75888 0 
0.346405 -1.414 0 
0.630768 0.342926 -11 
-1.49905 -2.35367 11 
-0.384399 -0.398743 0 
-5.39661 1.0007 0 
0.288849 2.92334 0 
1.48712 -1.40561 0 
-0.655426 -0.938995 0 
3.82242 0.0365295 0 
-4.50122 4.04843 0 
2.80463 -5.49933 11 
-0.0198975 -1.2146 0 
4.41159 2.55435 -11 
-4.08426 2.32193 0 
-1.04474 0.377014 0 
1.836 -0.192017 0 
3.77661 -10.3904 0 
-0.515839 5.15213 0 
-4.06949 7.08054 0 
1.3721 -4.15417 0 
-1.53055 -0.32373 11 
1.05405 -0.776154 0 
-0.665527 1.58475 0 
-2.59546 0.345001 -11 
3.72211 -2.96408 0 
-2.32706 0.838715 11 
1.10098 0.335449 0 
0.307251 -1.05948 0 
-1.0787 0.231049 0 
0.360687 -0.261017 0 
0.910522 0.547058 0 
0.756378 -2.44925 0 
-2.47421 1.23029 0 
0.460388 0.749268 0 
2.66946 -9.56702 0 
-5.125 11.9144 -11 
2.73669 -3.23758 11 
-1.43628 0.924255 0 
3.46997 -2.63266 0 
-1.04297 2.70142 0 
2.51825 -1.15234 -11 
-2.40894 -2.13736 11 
3.18906 2.7272 11 
-1.8623 4.40466 -33 
1.9325 -1.2146 11 
-1.66302 -1.18103 0 
2.47836 -0.396606 11 
1.51901 -1.59155 -11 
-2.6113 3.8024 0 
-0.171906 -0.0939026 0 
2.0986 -4.02872 0 
-2.86353 3.60629 0 
1.19528 1.55014 0 
-0.97876 -0.412598 0 
1.95383 -3.92816 0 
-3.03485 2.58508 0 
1.30423 -0.151733 0 
2.74652 -3.47214 0 
-4.08838 4.13202 0 
-0.0113525 -0.257294 0 
1.64673 -0.794128 0 
-0.380768 0.695679 0 
-0.105865 -0.104279 0 
2.80469 -2.30054 0 
-1.92139 3.10303 0 
1.57294 -1.99872 0 
-1.10675 0.0617371 0 
0.0914001 1.36151 11 
-0.598663 -2.21021 0 
-2.05042 1.7999 -11 
3.30411 -1.04153 0 
-2.71005 -1.01328 11 
-2.50034 -1.86069 -11 
-0.0627136 -0.297668 0 
-0.56015 1.67206 0 
-0.0731506 -0.0137634 0 
1.22125 -1.22598 0 
0.612274 0.143372 0 
-1.01071 2.3107 0 
-1.09863 1.19855 -11 
2.20221 -3.47281 0 
-1.69775 -0.105194 11 
5.98224 -9.62048 0 
-6.64386 13.3185 -11 
1.03464 -1.48401 0 
-1.0304 3.6438 0 
0.951141 -0.70224 0 
4.85266 -10.0331 11 
-4.6369 4.95898 0 
1.69522 -0.442261 -11 
-2.82874 -0.291168 0 
5.35901 -5.02759 11 
-3.74573 6.70312 0 
-1.57187 -0.779297 -11 
1.39365 -2.76825 11 
4.54062 -1.85315 0 
-6.51465 5.44098 -11 
1.81516 -1.89398 0 
4.96326 -5.01425 11 
-3.9082 3.91431 -11 
0.369751 -1.49011 0 
0.537476 2.4072 0 
4.5058 -2.72281 0 
-3.06775 4.1384 0 
1.75613 -0.419708 0 
0.341217 -1.04019 0 
-0.598877 1.9075 0 
0.507233 -2.87335 0 
0.885071 2.9068 0 
-1.59265 0.0782471 0 
0.463654 0.686646 0 
4.13303 -6.41785 0 
-4.90936 11.4996 0 
-0.0717163 -7.03085 0 
0.949341 1.36285 0 
2.36658 3.04706 0 
-2.10736 1.85944 0 
0.262939 -3.45782 0 
0.000518799 -0.381134 0 
1.48676 0.960693 0 
-0.34967 1.28058 0 
0.895081 1.65018 0 
0 -3.8212 0 
-1.23926 0.538055 0 
1.27588 3.52295 0 
3.98846 -4.66257 0 
-1.70367 3.27679 11 
-1.84488 -2.24155 -11 
-2.51425 0.45105 0 
-0.943665 2.3439 0 
1.26675 -3.36942 0 
-1.07242 1.2576 0 
-0.184326 -0.555817 0 
-0.518677 1.46463 0 
-0.985565 2.03479 0 
5.83582 -10.4652 0 
-7.01453 5.55899 0 
5.52991 -8.65845 0 
-2.05045 3.65353 11 
-2.50378 1.10159 -11 
0.787781 0.494507 0 
-4.19583 1.32648 0 
0.128479 0.773743 0 
5.39145 -5.61047 11 
-0.245422 0.555115 0 
-0.842834 -2.5412 0 
-1.48584 4.60391 0 
-0.230072 -2.0954 0 
-0.404907 0.528229 0 
0.900604 1.53699 0 
-0.328033 -2.88141 0 
-2.35782 6.28217 -11 
1.77298 -2.5018 11 
-2.38074 -0.330292 -11 
-1.73492 1.90643 0 
-0.544647 1.11887 0 
1.33627 -2.67966 0 
1.44321 -2.73517 11 
0.132996 -0.0755005 0 
-1.29938 1.09479 -11 
0.359833 0.700684 0 
3.54956 -1.9028 0 
0.685699 -0.477173 11 
-3.90897 3.78085 -11 
-0.523041 -3.94733 0 
0.810181 4.13876 0 
0.132904 -3.80127 11 
-0.0272827 2.15012 -11 
-1.37573 0.837891 0 
0.360321 -2.52734 0 
-0.0435486 0.424713 11 
3.3743 -4.88721 11 
-0.540009 4.13788 -11 
1.16751 -0.627197 0 
2.34122 -0.542816 0 
-1.31808 -0.464386 11 
-1.19284 6.21078 -11 
-2.15781 -1.70477 0 
3.21237 -5.36121 22 
-3.14722 5.30707 -22 
3.3392 -5.65866 11 
-1.51236 1.68457 0 
-1.7688 2.78412 0 
0.0995483 1.21942 11 
-0.739594 -0.566589 -22 
-0.993561 1.7796 11 
-1.69513 -1.371 0 
0.211487 -1.71738 0 
1.11136 4.29526 0 
1.37195 -1.1738 0 
-1.83966 -3.58887 11 
1.60208 1.55566 0 
-2.05231 1.45383 -11 
1.21561 -3.32291 0 
0.946747 2.17224 11 
-1.65802 -0.353912 0 
1.19449 -0.330444 0 
0.343536 2.01364 0 
-0.128357 1.12302 -11 
-2.11664 1.01031 0 
2.99466 -3.05234 11 
-0.0335388 1.64075 -11 
-0.378479 -0.983704 11 
0.361298 1.50256 0 
0.0559387 -2.01425 -11 
0.32077 -0.68396 11 
-0.674103 2.63605 0 
-0.184723 -1.51022 0 
-0.1185 0.436127 -11 
0.0352478 -1.24872 11 
0.442719 -0.399841 -11 
-0.197235 2.28992 11 
-1.64984 -1.13943 -11 
-1.01996 2.91577 0 
1.28131 -2.69675 11 
-0.398743 -1.27725 -11 
1.23535 1.96399 11 
-0.378143 -1.42175 0 
1.05054 -0.269714 0 
0.565643 0.904266 0 
-0.738556 -1.11414 0 
1.68115 0.0913391 0 
-2.4783 1.94614 -11 
-0.176056 -4.37158 11 
-2.08249 2.59094 -11 
1.28891 0.105042 0 
-2.90253 -0.0436401 0 
-0.203552 2.51868 0 
-0.692291 -4.76614 0 
-0.0246887 1.29721 0 
-3.95547 4.59256 -11 
0.0312805 -0.0630188 0 
1.91504 -1.96573 11 
2.28229 -1.5574 -11 
2.01492 1.51898 11 
-2.12247 -3.66534 0 
1.18051 1.98312 0 
-2.45929 0.446838 0 
0.19928 -1.48651 0 
0.159882 1.95306 0 
0.0974731 -2.16342 0 
-0.263733 -0.996429 0 
1.34363 -1.92487 0 
-1.58722 4.61298 0 
0.354828 -3.1022 0 
-0.469666 -1.59302 -11 
-2.35544 5.01169 0 
1.66934 -5.58725 11 
-1.85388 7.72955 -11 
0.548981 -1.93188 11 
-1.8819 0.91391 0 
0.987305 0.0274963 -11 
1.96136 -3.71658 11 
-1.65506 -1.29254 0 
-1.01868 1.57712 0 
2.01837 -2.86755 0 
-2.76981 1.85934 0 
0.628967 -0.103394 11 
0.0956726 -0.748138 -11 
-0.0517273 -2.26941 0 
-0.280426 4.64059 11 
1.36642 -8.26755 -11 
-1.60995 5.797 0 
2.16055 2.47076 0 
1.40225 -0.997437 0 
-2.52304 2.54099 11 
0.488953 0.0386963 -11 
-0.983063 0.977325 0 
-0.371338 -0.725525 0 
2.05734 -0.234772 0 
0.678497 -7.34424 0 
-1.92035 5.19791 0 
3.48608 -1.87265 11 
-2.03442 0.0555725 -11 
-0.743744 -1.40692 0 
-0.174713 3.24954 11 
-1.00165 2.21323 -11 
-1.81165 -1.23117 -11 
2.67657 -0.48764 22 
1.34033 -1.06046 0 
-2.9433 3.12024 -11 
0.809509 -2.97028 0 
0.939301 -0.537231 11 
-2.05634 3.50391 -11 
2.33304 -2.49722 0 
-0.90741 1.29053 0 
0.360443 0.168121 0 
0.370972 -2.61685 0 
-1.01984 -2.76169 0 
0.991486 1.70401 0 
-0.420746 -1.47931 0 
-1.00803 3.49731 0 
0.419342 -3.5282 11 
-0.87088 5.52579 -11 
0.819244 -4.45602 0 
0.148102 4.02505 11 
2.30182 -4.43774 -11 
-1.72421 -0.739899 11 
2.11487 3.99487 0 
-0.496948 -3.80811 -11 
-1.58258 6.03568 0 
1.83783 0.321075 0 
-0.925446 1.37659 -11 
2.27197 -6.25995 11 
-0.268951 3.944 0 
-0.968903 1.85608 -11 
-0.72113 -1.6514 11 
-0.695923 0.696991 0 
2.18265 -3.10211 0 
-1.504 3.63696 0 
-2.34595 0.68396 0 
0.192139 -3.51514 0 
0.801849 3.77643 0 
-0.196533 0.652313 0 
2.32278 -6.12091 0 
3.34769 3.96677 11 
-2.56989 3.23383 -11 
4.72293 -2.70596 11 
-1.86926 1.4729 -11 
1.66257 0.269073 0 
-1.91357 0.171997 0 
3.77579 -2.45755 11 
0.641937 -1.95096 0 
-1.19696 0.725952 0 
-1.29819 -0.050293 -11 
-3.08218 2.85001 0 
2.38315 -4.23508 11 
-0.543915 4.62558 0 
-1.93787 -0.27243 -11 
-0.0791626 -1.30399 0 
1.1922 -0.249695 0 
-2.50995 1.35391 0 
4.30447 0.346283 0 
0.168732 -0.0718994 0 
4.56058 -1.96286 11 
2.63629 4.71677 -11 
7.05054 5.23532 -11 
15.395 6.81192 0 
14.6122 19.398 -32 
35.0061 23.1298 -31 
28.7261 46.6472 -59 
35.8362 44.7628 -28 
30.8291 76.9566 -36 
37.9599 66.9398 -60 
19.8938 81.2481 -49 
7.54059 65.7035 -7 
14.0546 76.1004 -16 
-14.2015 74.4524 -7 
-15.4295 69.798 0 
-16.6747 47.5506 23 
-20.9692 58.7344 0 
