0.320406 0.3142 0.689225 1.13643 
0.315448 0.3142 0.676316 1.14639 
0.312064 0.3142 0.638702 1.12494 
0.304374 0.3142 0.630325 1.15187 
0.294574 0.3142 0.657991 1.2139 
0.295596 0.3142 0.610523 1.17495 
0.286232 0.3142 0.647812 1.27745 
0.274384 0.3142 0.62906 1.33085 
0.27516 0.3142 0.626403 1.33043 
0.268092 0.3142 0.619412 1.26732 
0.265909 0.3142 0.575502 1.23645 
0.271344 0.3142 0.595341 1.23276 
0.259452 0.3142 0.595063 1.22082 
0.251673 0.3142 0.604755 1.18359 
0.22946 0.3142 0.559325 1.22408 
0.232825 0.3142 0.592024 1.31156 
0.242533 0.3142 0.568032 1.26668 
0.24849 0.3142 0.571249 1.26565 
0.252694 0.3142 0.593485 1.28031 
0.278778 0.3142 0.615198 1.36546 
0.279812 0.3142 0.475565 1.12734 
0.278016 0.3142 0.489911 1.08759 
0.267382 0.3142 0.520012 1.03571 
0.266787 0.3142 0.682469 1.30958 
0.26481 0.3142 0.550937 1.01661 
0.256414 0.3142 0.544223 1.02844 
0.247593 0.3142 0.559043 0.966943 
0.243289 0.3142 0.51047 1.1356 
0.236756 0.3142 0.525714 1.13428 
0.216513 0.3142 0.790811 1.27428 
0.211342 0.3142 0.841875 1.04572 
0.226515 0.3142 0.901557 1.12199 
0.191927 0.3142 0.932564 1.11936 
0.282267 0.3142 1.0378 1.119 
0.298403 0.3142 1.08322 0.9826 
0.291666 0.3142 1.06251 1.11684 
0.26959 0.3142 1.03415 1.06062 
0.270999 0.3142 1.05025 1.0359 
0.534269 0.181725 1.41789 0.0318072 
0.427469 0.311962 1.28694 0.38815 
0.399538 0.3142 1.23017 0.511801 
0.381082 0.3142 1.29764 0.582612 
0.25343 0.3142 1.36275 1.23323 
0.151549 0.3142 1.23862 0.981113 
0.174233 0.3142 1.45508 0.971442 
0.658809 0.226505 1.5446 0.135584 
0.74563 0.130535 1.5446 0.127684 
0.872893 -0.000176549 1.5446 0.355629 
0.932199 -0.0523713 1.5446 0.404396 
0.962904 -0.0876072 1.5446 0.421203 
0.970412 -0.0866574 1.5446 0.400662 
0.974641 -0.0886605 1.5446 0.391953 
0.982533 -0.0957146 1.5446 0.39173 
0.998225 -0.10002 1.5446 0.3634 
1.02819 -0.111728 1.5446 0.347953 
1.0777 -0.116563 1.5446 0.38515 
1.08051 -0.115053 1.5446 0.394131 
1.08403 -0.113108 1.5446 0.451915 
1.09631 -0.110653 1.5446 0.481822 
1.08925 -0.105791 1.5446 0.517219 
1.08943 -0.119744 1.5446 0.552307 
1.09453 -0.12225 1.5446 0.586018 
1.09967 -0.135626 1.5446 0.684205 
1.0922 -0.150043 1.5446 0.768034 
1.07748 -0.147275 1.5446 0.872119 
1.06209 -0.148229 1.5446 1.05663 
1.05326 -0.151834 1.5446 1.05971 
1.00735 -0.161993 1.5446 1.26928 
0.976359 -0.155885 1.5446 1.48609 
0.963129 -0.181638 1.5446 1.37252 
1.03762 -0.238281 1.5446 1.866 
1.01965 -0.186956 1.5446 1.90528 
1.02237 -0.209807 1.5446 2.0857 
1.0187 -0.224482 1.5446 1.1575 
1.00155 -0.235188 1.5446 1.13687 
0.929407 -0.205223 1.5446 1.14641 
0.876416 -0.170331 1.5446 1.19174 
0.67735 -0.14864 1.30546 1.96824 
0.575166 -0.143215 1.1491 1.83048 
0.609459 -0.15049 1.11631 1.29777 
0.626726 -0.144006 1.06957 1.05163 
0.635065 -0.1486 1.07387 1.12126 
0.634684 -0.149759 1.05446 1.09376 
0.637012 -0.142042 1.05551 1.06557 
0.63472 -0.126458 1.03006 0.927032 
0.617883 -0.0172291 0.940099 0.970138 
0.62835 -0.00596718 0.945355 1.00245 
0.653617 -0.0551784 0.960514 1.05686 
0.657825 -0.0513301 0.968632 1.03949 
0.654852 -0.037424 0.970687 1.02559 
0.660367 -0.0416727 0.982818 0.98915 
0.65345 -0.0308009 1.00459 1.07232 
0.660272 -0.0251913 1.04498 1.24886 
0.669562 -0.0461663 1.08253 1.33519 
0.664016 -0.0619621 1.06181 1.13298 
0.6609 -0.0716328 1.07078 1.19577 
0.669408 -0.0733599 1.05958 1.07631 
0.665483 -0.075929 1.14818 0.911836 
0.659068 -0.0809634 1.20912 0.825487 
0.626267 -0.0696255 1.18239 0.756668 
0.541735 -0.0487582 1.14198 0.612688 
0.534719 -0.030217 1.19837 0.590122 
0.52385 0.0172302 1.19622 1.15495 
0.506204 0.0325972 1.18342 0.981141 
0.46695 0.0719922 1.17535 0.896531 
0.350682 0.115055 0.935882 0.369111 
0.381402 0.10454 0.971337 0.371158 
0.41501 0.0892757 1.05225 0.37791 
0.543418 0.0890715 1.17798 0.371845 
0.539865 0.0606207 1.23847 0.433288 
0.619572 0.0626903 1.29029 0.319056 
0.716549 0.0192709 1.41654 0.474965 
0.747415 0.0143077 1.47321 0.462881 
0.768092 0.0109429 1.43786 0.401145 
0.777123 0.0191285 1.50172 0.650272 
0.782968 0.0158491 1.5446 0.524876 
0.774024 0.0393349 1.50258 0.460237 
0.715232 0.091136 1.41843 0.357796 
0.695467 0.114597 1.3757 0.215916 
0.667032 0.148545 1.24441 0.0847291 
0.648364 0.166378 1.36097 0.0459492 
0.614046 0.188121 1.28764 0.0452351 
0.573784 0.215899 1.24114 0.0738628 
0.550594 0.232037 1.27533 0.0868364 
0.545228 0.24219 1.32352 0.125255 
0.507658 0.283514 1.30236 0.245409 
0.491964 0.309258 1.33179 0.342915 
0.396315 0.3142 1.18555 0.405359 
0.35347 0.3142 0.953078 0.424175 
0.352289 0.3142 0.915858 0.463078 
0.347726 0.3142 0.921449 0.528356 
0.347082 0.280348 0.95239 0.55083 
0.301155 0.270522 1.18378 0.763228 
0.269444 0.288143 1.13608 0.887929 
0.263312 0.309465 1.10641 0.862707 
0.259634 0.299931 0.951389 0.743802 
0.256049 0.3142 0.94707 0.767425 
0.265715 0.3142 1.00463 0.917474 
0.302535 0.3142 0.903278 0.89942 
0.32867 0.275915 0.916235 0.864768 
0.342448 0.242422 0.920748 0.831428 
0.364708 0.235754 1.02542 0.948869 
0.364163 0.25956 1.01216 0.970679 
0.480473 0.265537 1.11572 0.919818 
0.436224 0.297665 0.901133 0.90681 
0.41428 0.3142 0.981515 1.04816 
0.405251 0.3142 0.822517 0.979731 
0.400171 0.3142 0.789856 1.02636 
0.398898 0.3142 0.775243 1.04483 
0.3941 0.3142 0.737553 1.0628 
0.378545 0.3142 0.725533 1.07318 
0.368041 0.3142 0.687446 1.15846 
0.360308 0.3142 0.657514 1.19823 
0.355878 0.3142 0.64687 1.24053 
0.351201 0.3142 0.640054 1.27095 
0.348863 0.3142 0.645916 1.22831 
0.335317 0.3142 0.656221 1.19902 
0.333655 0.3142 0.670795 1.2174 
0.317229 0.3142 0.679527 1.22205 
0.320433 0.3142 0.79787 1.18572 
0.320883 0.3142 0.806983 1.1458 
0.327852 0.3142 0.855049 0.929491 
0.349112 0.3142 1.02143 0.736502 
0.348253 0.28843 1.08163 0.616571 
0.308486 0.3142 1.18702 0.759422 
0.299013 0.3142 1.08545 0.646442 
0.299143 0.3142 1.0972 0.592051 
0.283664 0.3142 1.17498 0.676799 
0.319045 0.3142 1.20402 0.546826 
0.339659 0.3142 1.24229 0.49759 
0.395163 0.28644 1.32812 0.349403 
0.440202 0.241403 1.43098 0.22749 
0.625947 0.141208 1.5446 0.022224 
0.72631 0.0682874 1.5446 0.171743 
0.813405 0.0072151 1.5446 0.288932 
0.88251 -0.00262729 1.5446 0.299959 
0.896243 0.0036789 1.5446 0.308152 
0.863194 0.0307338 1.5446 0.281692 
0.863699 0.0247494 1.5446 0.302837 
0.889305 0.0128535 1.5446 0.333275 
1.01625 -0.0506342 1.5446 0.377018 
0.986012 -0.0341913 1.5446 0.333099 
0.9989 -0.0326055 1.5446 0.274616 
1.01569 -0.0457954 1.5446 0.260021 
1.03461 -0.0533933 1.5446 0.315034 
1.04591 -0.0600722 1.5446 0.345031 
1.02648 -0.0382077 1.5446 0.340423 
1.00939 -0.0303656 1.5446 0.346037 
1.00447 -0.0249877 1.5446 0.347895 
0.995305 -0.0171815 1.5446 0.341482 
0.990274 -0.0101242 1.5446 0.354054 
0.989795 -0.0107731 1.52002 0.342843 
0.983515 -0.0080603 1.52925 0.349509 
0.95867 0.0102894 1.41539 0.316441 
0.890195 0.044554 1.24408 0.163191 
0.930021 0.0234681 1.19554 0.180707 
0.973619 0.00299508 1.15635 0.179871 
0.985831 -0.00994013 1.19056 0.202386 
1.00603 -0.0276189 1.2484 0.236755 
1.02337 -0.0398954 1.20435 0.25106 
0.957343 -0.0200407 1.16041 0.325217 
0.9377 -0.0102806 1.06943 0.260071 
0.996966 -0.00747542 0.999184 0.190803 
0.988698 -0.0110569 1.00248 0.204321 
0.999004 0.0432414 0.961999 0.182664 
0.966244 0.0335731 0.929523 0.193046 
0.945013 0.0146302 0.914041 0.169695 
0.885875 0.00526431 0.858013 0.14415 
0.883114 0.00909797 0.850021 0.132822 
0.882321 0.0376371 0.826522 0.118496 
0.818417 0.0429214 0.829332 0.124357 
0.837264 0.037852 0.824505 0.131534 
0.851521 0.0598624 0.819599 0.132872 
0.891878 0.00179625 0.874883 0.0980197 
0.861191 0.0201583 0.857263 0.110724 
0.854199 0.0377034 0.838001 0.110068 
0.83372 0.053548 0.834349 0.110706 
0.850996 0.0464166 0.824647 0.132804 
0.863564 0.0578539 0.84416 0.125421 
0.898832 0.0389365 0.847685 0.116424 
0.92261 0.0452398 0.867165 0.130388 
0.935032 0.0477209 0.878513 0.136318 
0.943988 0.051531 0.8897 0.13534 
0.950743 0.0488035 0.909624 0.145751 
0.932136 0.0334522 0.875013 0.121387 
0.906956 0.03469 0.948588 0.136048 
0.890928 0.0337395 0.956802 0.144027 
0.872463 0.0385989 0.975681 0.147513 
0.869267 0.0335744 1.01597 0.165208 
0.910381 0.0161298 1.06332 0.213664 
0.966709 -0.0188919 1.19155 0.268696 
0.981714 -0.0327066 1.25352 0.285899 
0.98939 -0.0505012 1.21926 0.252606 
0.993883 -0.0597644 1.22872 0.261061 
1.02188 -0.0793815 1.2583 0.276029 
1.04832 -0.0969881 1.29442 0.296036 
1.0508 -0.0952623 1.348 0.477313 
1.05204 -0.0851686 1.32274 0.373947 
1.04349 -0.0757741 1.30965 0.421412 
1.02364 -0.06772 1.27857 0.40409 
1.02561 -0.0690674 1.30667 0.555265 
1.05027 -0.100723 1.37264 0.764308 
1.03109 -0.0962968 1.39383 0.943659 
0.967501 -0.155735 1.37439 0.99841 
0.902984 -0.162143 1.34088 1.08178 
0.873825 -0.146339 1.36198 0.89487 
0.865135 -0.138472 1.33611 0.690749 
0.8499 -0.117327 1.28334 0.65938 
0.829351 -0.104978 1.27138 0.665192 
0.811686 -0.103034 1.31537 0.747458 
0.807179 -0.140527 1.22278 0.769874 
0.793367 -0.117095 1.12893 0.730701 
0.786692 -0.116635 1.20211 0.790596 
0.811 -0.109767 1.12952 0.928652 
0.816059 -0.116567 1.157 0.808476 
0.796495 -0.0908484 1.12716 0.829763 
0.821198 -0.0850745 1.15995 0.810216 
0.816273 -0.0854787 1.17639 0.827979 
0.808306 -0.0901227 1.30249 0.908402 
0.808902 -0.0783381 1.38687 0.920244 
0.800724 -0.0545999 1.36096 0.903234 
0.78747 -0.0192186 1.35191 1.01981 
0.774127 -0.0119497 1.35982 1.02211 
0.765226 -0.016081 1.37692 0.928417 
0.742562 -0.0121957 1.3533 0.648997 
0.760605 0.00729287 1.2251 0.517376 
0.778571 -0.0101177 1.23579 0.499358 
0.790827 -0.00378765 1.29519 0.479409 
0.792087 0.00457667 1.28559 0.473269 
0.815759 0.0342587 1.34089 0.378587 
0.830326 0.0325991 1.4299 0.383715 
0.85541 0.0273004 1.5446 0.390848 
0.86282 0.046866 1.5328 0.238871 
0.8449 0.0724681 1.5446 0.191405 
0.821571 0.0843309 1.5446 0.122857 
0.77805 0.112399 1.5446 0.0788775 
0.651795 0.144432 1.5144 0.00470882 
0.608257 0.207505 1.40797 0.154241 
0.550351 0.221404 1.34498 0.194784 
0.564114 0.163611 1.37638 0.186134 
0.549915 0.148766 1.3331 0.340045 
0.555979 0.208062 1.25113 0.560133 
0.544756 0.258585 1.18552 0.764783 
0.513658 0.286853 1.15588 0.959123 
0.494999 0.3142 1.15515 1.03951 
0.489149 0.3142 1.16731 1.14144 
0.482029 0.3142 1.12793 1.11888 
0.498125 0.3142 1.15427 1.1102 
0.498105 0.31281 1.15466 1.07764 
0.506998 0.269552 1.16382 1.09673 
0.523385 0.3142 1.16442 1.16046 
0.509715 0.3142 1.13291 1.15375 
0.511267 0.3142 1.11077 1.21549 
0.521044 0.3142 1.07325 1.21565 
0.521427 0.3142 1.06941 1.17772 
0.521104 0.3142 1.07474 1.23933 
0.51698 0.3142 1.03589 1.23027 
0.510508 0.3142 1.03804 1.22958 
0.514056 0.3142 1.04236 1.18742 
0.546568 0.3142 1.00178 1.18637 
0.561416 0.310322 0.978573 1.21056 
0.57585 0.3142 0.96594 1.27956 
0.576819 0.31272 0.960262 1.22858 
0.581593 0.312794 0.961998 1.21626 
0.57269 0.3142 0.967915 1.20093 
0.56481 0.3142 0.983667 1.1853 
0.564002 0.3142 0.825297 1.14277 
0.573268 0.3142 0.81154 1.16485 
0.580695 0.3142 0.80904 1.16076 
0.588471 0.3142 0.817638 1.1713 
0.588181 0.306622 0.806733 1.16966 
0.587812 0.308243 0.796741 1.17873 
0.583128 0.302431 0.785765 1.19425 
0.574722 0.304026 0.77579 1.19614 
0.561504 0.3142 0.776719 1.20992 
0.553221 0.313208 0.770897 1.21007 
0.547233 0.3142 0.761668 1.21484 
0.518839 0.3142 0.756752 1.18289 
0.512521 0.3142 0.747855 1.20081 
0.513567 0.3142 0.758151 1.19328 
0.505255 0.3142 0.777726 1.17845 
0.509743 0.3142 0.803947 1.16607 
0.507096 0.3142 0.819704 1.1607 
0.50797 0.3142 0.839543 1.14284 
0.508011 0.3142 0.854666 1.15077 
0.55224 0.3142 0.961228 1.05416 
0.589816 0.279361 1.21136 0.967081 
0.579966 0.284409 1.07443 0.937398 
0.596505 0.25197 1.12507 0.821765 
0.609746 0.240927 1.15749 0.779607 
0.637457 0.216789 1.31012 0.736204 
0.65097 0.220067 1.21964 0.647714 
0.655498 0.245738 1.36285 0.741454 
0.773005 0.19633 1.40809 0.46263 
0.802303 0.160553 1.48173 0.367675 
0.81624 0.150593 1.52047 0.337953 
0.899725 0.0973312 1.5446 0.147407 
0.920066 0.0250469 1.5446 0.0585146 
0.987425 0.000853272 1.5446 0.0242087 
1.03127 0.00816326 1.53328 0.0214515 
1.07088 -0.00171191 1.5446 0.0459181 
1.1235 -0.0441978 1.5446 0.0924058 
1.15044 -0.0651929 1.5446 0.10719 
1.15207 -0.0825361 1.5446 0.117935 
1.1603 -0.103535 1.39414 0.118741 
1.17376 -0.140731 1.37874 0.137805 
1.16345 -0.130168 1.34664 0.145292 
1.17037 -0.144416 1.33994 0.157373 
1.17868 -0.148134 1.30872 0.159119 
1.19326 -0.155596 1.29073 0.157308 
1.19748 -0.151098 1.27844 0.157087 
1.18296 -0.144685 1.24325 0.157839 
1.19818 -0.13367 1.25986 0.144238 
1.21075 -0.128676 1.24413 0.154908 
1.24842 -0.149286 1.29418 0.163955 
1.25719 -0.133685 1.29217 0.142453 
1.27121 -0.119946 1.31131 0.155224 
1.25842 -0.115914 1.27024 0.1419 
1.25754 -0.0969803 1.27659 0.116032 
1.25236 -0.0975467 1.27809 0.113301 
1.24064 -0.0807323 1.3021 0.124174 
1.2203 -0.0869752 1.30997 0.194808 
1.13415 -0.0863934 1.2315 0.144154 
1.08203 -0.0786115 1.39417 0.245291 
1.09807 -0.0820245 1.46494 0.215926 
1.1447 -0.108126 1.50768 0.200036 
1.1482 -0.11348 1.49291 0.200067 
1.14923 -0.0944632 1.4944 0.162816 
1.10182 -0.0571093 1.4604 0.120722 
1.03624 -0.0225437 1.48155 0.0764452 
0.967197 0.00959739 1.49654 0.0611988 
0.916368 0.0410872 1.5064 0.0356079 
0.902494 0.0526276 1.51105 0.0338642 
0.88558 0.0476954 1.5446 0.0617875 
0.883362 0.0440083 1.5446 0.0693257 
0.877031 0.0334824 1.5446 0.0761308 
0.802675 0.0867665 1.5446 0.0953961 
0.772243 0.106335 1.5446 0.112487 
0.762333 0.105553 1.5446 0.126496 
0.781604 0.112811 1.5446 0.125665 
0.775482 0.104714 1.5446 0.156998 
0.802776 0.0974592 1.5446 0.113403 
0.805203 0.098261 1.5446 0.149954 
0.826652 0.0926376 1.5446 0.133522 
0.838074 0.0696773 1.5446 0.171515 
0.853801 0.0624156 1.5446 0.139503 
0.87598 0.00223514 1.5446 0.256351 
0.950472 -0.0486774 1.5446 0.375857 
0.980473 -0.072002 1.5446 0.463672 
0.998216 -0.0723402 1.5446 0.485421 
0.999547 -0.0641492 1.5446 0.520887 
0.979855 -0.07197 1.5446 0.604466 
0.988226 -0.0840966 1.5446 0.820393 
0.992935 -0.0912111 1.5446 1.02935 
0.989723 -0.0942207 1.5446 1.09552 
0.991384 -0.0879777 1.5446 1.13696 
0.995641 -0.0911209 1.5446 1.43967 
0.991903 -0.108628 1.5446 1.6938 
0.96799 -0.114034 1.53004 0.615939 
0.890477 -0.0990227 1.5446 1.25482 
0.872286 -0.10718 1.5446 1.10096 
0.892403 -0.195656 1.34188 0.739038 
0.880627 -0.237561 1.33847 0.737149 
0.851167 -0.23394 1.42797 0.676494 
0.850946 -0.196611 1.33875 0.640379 
0.852758 -0.210005 1.44756 0.667526 
0.865554 -0.21287 1.46355 0.700996 
0.862068 -0.193615 1.42803 0.705131 
0.771931 -0.140867 1.14871 0.623639 
0.697765 -0.0796508 1.0579 0.529621 
0.679651 -0.0716109 1.01677 0.545816 
0.706578 -0.0801837 1.08755 0.568921 
0.729906 -0.0803788 1.17338 0.59156 
0.734401 -0.0761635 1.17304 0.560282 
0.763983 -0.0467017 1.18579 0.475439 
0.765332 -0.0274027 1.15601 0.456627 
0.701845 -0.0653616 1.1791 0.488356 
0.744909 -0.092435 1.19332 0.496304 
0.785962 -0.0768481 1.24766 0.496829 
0.76487 -0.0365106 1.13286 0.398744 
0.772644 -0.0292076 1.1816 0.389566 
0.699914 0.0337588 1.0709 0.310883 
0.701477 0.0441621 1.03152 0.259282 
0.719215 0.0640107 1.06798 0.291098 
0.725842 0.108291 1.06407 0.297102 
0.713328 0.127878 1.09799 0.385254 
0.582122 0.245719 0.934287 0.178714 
0.448731 0.3142 0.791438 0.116084 
0.368289 0.3142 0.725434 0.201803 
0.312069 0.3142 0.702271 0.242183 
0.270642 0.3142 0.614929 0.287769 
0.24973 0.3142 0.62197 0.314075 
0.219013 0.3142 0.593203 0.311184 
0.157936 0.3142 0.585802 0.265835 
0.151397 0.3142 0.610282 0.28943 
0.159068 0.3142 0.60634 0.324304 
0.151734 0.3142 0.620719 0.323286 
0.259231 0.3142 0.727766 0.181051 
0.331086 0.3142 0.812574 0.134918 
0.335108 0.3142 0.803022 0.113819 
0.345531 0.3142 0.837755 0.0405522 
0.371493 0.3142 0.866467 0.00522484 
0.511373 0.224785 0.957036 0.151941 
0.481196 0.249303 0.9225 0.109967 
0.545966 0.207348 1.05714 0.150419 
0.700663 0.0936879 1.24599 0.322034 
0.678747 0.133057 1.41073 0.363807 
0.750296 0.0923388 1.35625 0.2706 
0.731691 0.111024 1.50667 0.304166 
0.75725 0.100246 1.45183 0.235834 
0.770073 0.0885318 1.53342 0.336817 
0.773971 0.089996 1.5446 0.45077 
0.741225 0.114207 1.5446 0.418064 
0.758342 0.0992209 1.5446 0.450633 
0.853593 0.040054 1.5446 0.574342 
0.879975 0.0343052 1.5446 0.595675 
0.907365 0.0337493 1.5446 0.375349 
0.904952 0.0415725 1.5446 0.376749 
0.920491 0.030443 1.5446 0.637942 
0.91673 -0.00840845 1.5446 0.802432 
0.928079 -0.0277857 1.5446 0.810816 
0.934022 -0.0400479 1.5446 0.860052 
0.942442 -0.0533741 1.5446 0.897601 
0.951781 -0.0617964 1.5446 0.856876 
1.01519 -0.125544 1.5446 0.888613 
0.962975 -0.110287 1.5446 0.927612 
0.967137 -0.0986635 1.5446 0.89965 
0.967487 -0.0882865 1.5446 0.843624 
0.958516 -0.0699 1.5446 0.758634 
0.926052 -0.0214175 1.5446 0.699229 
0.892817 0.0100143 1.5446 0.644435 
0.559577 0.290016 1.49498 0.00599017 
0.521891 0.3142 1.40495 0.328894 
0.641842 0.2495 1.34722 0.0910694 
0.680057 0.200719 1.04848 0.0816519 
0.747983 0.178967 1.08503 0.0571847 
0.908816 0.100386 1.21878 0.158668 
1.08913 -0.0338641 1.42994 0.378471 
1.12821 -0.0337376 1.4939 0.4287 
1.14411 -0.0410249 1.47687 0.419014 
1.16177 -0.031089 1.38485 0.294025 
1.16649 -0.0415098 1.39146 0.300234 
1.1271 -0.0442319 1.36485 0.2968 
1.0531 -0.015129 1.42581 0.38357 
0.908628 0.0775843 1.0885 0.134837 
0.888019 0.079571 1.04881 0.17258 
0.893852 0.0619759 1.07684 0.223364 
0.869543 0.0461959 1.03715 0.26594 
0.876987 0.0445458 1.04478 0.255291 
0.854963 0.0505944 1.00874 0.236159 
0.859368 0.0448797 1.00823 0.254965 
0.842505 0.0519948 0.974854 0.248646 
0.838871 0.0487523 0.957831 0.239257 
0.841496 0.038081 1.00297 0.269332 
0.848872 0.0366395 1.00544 0.274711 
0.841267 0.0516284 0.939753 0.227375 
0.844676 0.0385106 0.93397 0.216454 
0.740965 0.0650681 0.795925 0.158411 
0.681595 0.0960752 0.700322 0.112613 
0.681742 0.108629 0.764389 0.114145 
0.66748 0.103348 0.756006 0.122516 
0.713792 0.094175 0.835764 0.161411 
0.728669 0.0838755 0.879612 0.189932 
0.762037 0.0683246 0.955054 0.248202 
0.823657 0.02876 1.0382 0.278572 
0.827943 0.0285894 1.10228 0.297658 
0.857964 0.0152902 1.15044 0.322821 
0.88511 0.0156102 1.20243 0.351318 
0.996261 -0.012503 1.34711 0.275194 
0.969919 0.00204857 1.3778 0.287964 
0.980729 -0.0167837 1.40981 0.333186 
0.978322 -0.00847313 1.34426 0.266359 
0.969117 -0.00665913 1.26336 0.243177 
0.936717 0.00766155 1.27216 0.33015 
0.929006 0.0187834 1.30193 0.34561 
0.953554 -0.00888882 1.5446 0.864286 
0.916173 0.0426457 1.32866 0.337637 
0.913077 0.0101516 1.36483 0.377375 
0.949949 -0.0208839 1.40689 0.387906 
0.733272 -0.00812104 1.48512 1.29146 
0.66153 -0.00442401 1.22299 0.669524 
0.605713 0.0232707 1.05596 0.562339 
0.659615 -0.0676776 1.31717 0.865427 
0.667396 -0.119108 1.39765 1.17357 
0.634966 -0.076916 1.33801 1.46528 
0.582932 -0.0774297 1.25017 1.40256 
0.615281 -0.0944384 1.27511 1.40015 
0.649521 -0.112056 1.28198 1.5547 
0.653636 -0.10117 1.25795 1.63824 
0.683275 -0.0559313 1.15945 1.50197 
0.678361 -0.0653238 1.17186 1.543 
0.688861 -0.0920996 1.21359 1.61782 
0.693218 -0.115381 1.27603 1.67582 
0.660355 -0.2918 1.23341 1.46808 
0.63174 -0.31471 1.28866 1.48015 
0.669476 -0.286523 1.35897 1.6345 
0.68468 -0.264055 1.4038 1.61475 
0.698704 -0.205182 1.47544 1.65102 
0.708321 -0.188829 1.52778 1.57284 
0.721095 -0.184403 1.5446 1.53677 
0.584888 -0.0637602 1.41566 1.25964 
0.576919 -0.0405351 1.38186 1.0479 
0.657137 -0.0912448 1.48652 1.04972 
0.702387 -0.108368 1.54893 0.994447 
0.74252 -0.0785348 1.5446 0.91891 
0.782173 -0.0395554 1.5446 0.822394 
0.800707 -0.064124 1.5446 0.686896 
0.776827 -0.0235943 1.5446 0.549838 
0.750529 0.0416465 1.5446 0.345893 
0.730672 0.0602046 1.47907 0.139256 
0.748985 0.0144213 1.5144 0.182903 
0.727278 0.0654154 1.5207 0.201578 
0.713126 0.126978 1.48172 0.129689 
0.712047 0.179065 1.47097 0.0190182 
0.714626 0.15182 1.49138 0.0549771 
0.591587 0.227665 1.42705 0.0707878 
0.470016 0.3142 1.29111 0.326735 
0.397014 0.3142 1.21691 0.39245 
0.374221 0.3142 1.10329 0.323777 
0.343668 0.3142 1.02749 0.466363 
0.339074 0.3142 0.980314 0.565181 
0.332556 0.3142 0.924179 0.716803 
0.353045 0.3142 0.900907 0.879124 
0.367435 0.3142 0.863534 0.887361 
0.368789 0.3142 0.853013 0.966306 
0.374382 0.3142 1.04081 1.07742 
0.371607 0.3142 1.02332 1.153 
0.379947 0.3142 1.0032 1.07516 
0.399938 0.3142 0.995251 1.10317 
0.414375 0.3142 1.01874 1.19797 
0.412978 0.3142 0.983985 1.18868 
0.419496 0.3142 0.977865 1.20286 
0.44284 0.3142 1.00216 1.22722 
0.452578 0.3142 0.816142 1.17827 
0.443401 0.3142 0.967479 1.29629 
0.438854 0.3142 0.77722 1.22398 
0.442362 0.3142 0.771122 1.28325 
0.433398 0.3142 0.756517 1.2764 
0.426867 0.3142 0.745383 1.25222 
0.421794 0.3142 0.74495 1.24834 
0.407731 0.3142 0.750952 1.16887 
0.420997 0.3142 0.719907 1.19596 
0.435587 0.3142 0.713242 1.12692 
0.431962 0.3142 0.72473 1.15716 
0.430727 0.3142 0.714446 1.1668 
0.429649 0.3142 0.704691 1.14615 
0.42611 0.3142 0.705716 1.12892 
0.414562 0.3142 0.705586 1.09924 
0.410964 0.3142 0.710619 1.10105 
0.41107 0.3142 0.715944 1.11391 
0.411827 0.3142 0.715318 1.1146 
0.410603 0.3142 0.706435 1.10984 
0.414831 0.3142 0.681995 1.09683 
0.408466 0.3142 0.675755 1.14844 
0.406586 0.3142 0.663766 1.15768 
0.406823 0.3142 0.657501 1.2199 
0.392175 0.3142 0.658511 1.21933 
0.392128 0.3142 0.651736 1.22083 
0.391848 0.3142 0.636101 1.22192 
0.393125 0.3142 0.627675 1.23424 
0.394344 0.3142 0.614711 1.27516 
0.398203 0.3142 0.583749 1.29413 
0.399898 0.3142 0.580379 1.32826 
0.416355 0.3142 0.534561 1.33992 
0.457386 0.3142 0.501424 1.31115 
0.522262 0.3142 0.640131 1.34033 
0.532868 0.277095 0.613398 1.32474 
0.584138 0.222225 0.651002 1.32485 
0.622764 0.15805 0.662605 1.27281 
0.65401 0.119229 0.682536 1.24561 
0.655839 0.140163 0.641731 1.14837 
0.649971 0.166866 0.633799 1.11006 
0.66502 0.177946 0.640367 1.07551 
0.669548 0.196523 0.659264 1.04984 
0.703828 0.20749 0.665426 1.02591 
0.736538 0.203014 0.698346 0.995152 
0.756813 0.198417 0.661796 0.927202 
0.758725 0.216529 0.788951 1.13697 
0.752616 0.211257 0.830354 1.13281 
0.7739 0.210712 0.726689 0.901281 
0.771796 0.200988 0.793094 0.990266 
0.748601 0.169568 0.723856 0.794059 
0.72391 0.198222 0.790452 0.915688 
0.720079 0.188289 0.818412 0.908229 
0.668044 0.207248 0.799739 0.878865 
0.656635 0.217302 0.794909 0.943408 
0.668143 0.253457 0.859361 0.95515 
0.67173 0.258697 0.90184 0.979487 
0.671112 0.256714 0.767989 0.944829 
0.643245 0.260713 0.791376 0.98112 
0.611412 0.260702 0.977587 1.08372 
0.593892 0.253175 0.736834 1.04476 
0.574858 0.27585 0.749197 1.05169 
0.512813 0.3142 0.816416 1.09052 
0.505087 0.3142 0.799797 1.07848 
0.512653 0.3142 0.822367 1.09285 
0.503453 0.3142 0.847024 1.07476 
0.483457 0.3142 0.852749 1.01591 
0.4644 0.3142 1.19603 1.16683 
0.449578 0.3142 1.23406 1.17286 
0.443024 0.3142 1.08775 1.01175 
0.408268 0.305519 1.05455 0.841848 
0.431698 0.268556 1.09934 0.671871 
0.436933 0.251366 1.13399 0.602125 
0.441222 0.258185 1.28194 0.716873 
0.471743 0.249708 1.17564 0.539541 
0.542966 0.266723 1.36067 0.659435 
0.591009 0.254471 1.45598 0.636526 
0.579574 0.257507 1.4877 0.658865 
0.577452 0.257619 1.49552 0.625741 
0.574612 0.257228 1.47361 0.603957 
0.593069 0.257785 1.5095 0.588795 
0.579773 0.278712 1.42426 0.537759 
0.541437 0.3142 1.40203 0.586642 
0.551149 0.3142 1.41429 0.565634 
0.576687 0.3142 1.48526 0.668274 
0.592684 0.3142 1.48358 0.646558 
0.599272 0.3142 1.48143 0.624067 
0.591939 0.3142 1.48624 0.619881 
0.585678 0.3142 1.4585 0.618143 
0.575573 0.3142 1.42921 0.642115 
0.57721 0.309112 1.45793 0.646185 
0.584785 0.306458 1.48446 0.657842 
0.592061 0.285593 1.44275 0.689798 
0.583434 0.292135 1.43212 0.740805 
0.584531 0.288838 1.43066 0.715733 
0.580213 0.277198 1.47987 0.727498 
0.579008 0.262827 1.42352 0.675282 
0.554 0.269647 1.42355 0.664299 
0.551216 0.277045 1.25085 0.60968 
0.539488 0.281716 1.26217 0.590521 
0.554074 0.268136 1.19999 0.564516 
0.546697 0.25798 1.24672 0.537482 
0.550216 0.251141 1.16056 0.53425 
0.540872 0.257302 1.13536 0.536027 
0.543255 0.255119 1.13864 0.531365 
0.54583 0.252727 1.22856 0.558781 
0.541419 0.259415 1.23786 0.555061 
0.542059 0.266026 1.01768 0.515263 
0.466853 0.3142 1.14125 0.776472 
0.423544 0.3142 1.04919 0.906689 
0.401765 0.3142 0.75766 0.796436 
0.361007 0.3142 0.713567 0.848995 
0.352388 0.3142 0.677526 1.02073 
0.35513 0.3142 0.888053 1.10549 
0.37358 0.3142 0.8532 1.18789 
0.37683 0.3142 0.799707 1.23192 
0.371924 0.3142 0.600056 1.02166 
0.381109 0.3142 0.641015 1.00888 
0.426093 0.3142 0.843171 1.09772 
0.460556 0.3142 0.850191 1.00629 
0.470963 0.3142 0.857609 0.862629 
0.484682 0.3142 0.830711 0.822766 
0.494785 0.3142 0.8077 0.738944 
0.569119 0.242933 0.843669 0.833883 
0.594501 0.18472 0.774514 0.751688 
0.622812 0.185275 0.874176 0.783631 
0.628589 0.157857 0.860541 0.741628 
0.659205 0.157918 0.863522 0.659903 
0.76313 0.132784 0.946922 0.457019 
0.802439 0.131316 0.964513 0.363969 
0.820824 0.107918 0.942334 0.273808 
0.820461 0.0889806 0.948283 0.232813 
0.814082 0.090007 0.959429 0.26097 
0.820198 0.118207 0.959381 0.206726 
0.820956 0.144551 0.953005 0.192551 
0.818216 0.169851 0.943268 0.18576 
0.821887 0.178606 0.931852 0.170151 
0.817585 0.16495 0.959512 0.190431 
0.800333 0.15386 0.966988 0.200551 
0.781216 0.123037 0.994582 0.225424 
0.805963 0.0943494 1.00138 0.257672 
0.803464 0.0847502 1.01505 0.263141 
0.823321 0.0747662 0.98964 0.246959 
0.828028 0.0973049 1.00051 0.239483 
0.820328 0.110326 1.00326 0.270745 
0.8168 0.124373 1.00737 0.306066 
0.820376 0.120261 0.995674 0.305505 
0.823662 0.121731 1.05716 0.317692 
0.858033 0.0804224 0.81221 0.241755 
0.86525 0.0655293 0.820221 0.328442 
0.808392 0.128469 1.19088 0.834362 
0.782586 0.141009 1.05789 0.663614 
0.764114 0.155279 1.12319 0.618011 
0.760502 0.142364 1.29548 0.864375 
0.752095 0.115618 1.28459 0.779634 
0.839926 -0.0308303 1.34314 0.137808 
0.879583 -0.083276 1.33144 0.0365645 
0.856998 -0.0290466 1.23898 0.0197802 
0.914842 -0.042088 1.21787 0.105958 
