-0.412778 0.0374815 0 0 
-1.0263 -0.365435 0 0 
-0.696443 -0.246089 0 0 
-0.554918 -0.106291 0 0 
-0.543745 -0.0766104 0 0 
-0.591195 -0.0976125 0 0 
-0.620268 -0.122301 0 0 
-0.61762 -0.1261 0 0 
-0.606911 -0.119681 0 0 
-0.602965 -0.115558 0 0 
-0.604554 -0.115701 0 0 
-0.606626 -0.117124 0 0 
-0.607064 -0.117744 0 0 
-0.606588 -0.117564 0 0 
-0.606223 -0.117277 0 0 
-0.606209 -0.117202 0 0 
-0.606322 -0.117261 0 0 
-0.60638 -0.117314 0 0 
-0.606369 -0.117319 0 0 
-0.606346 -0.117304 0 0 
-0.606338 -0.117295 0 0 
-0.606342 -0.117296 0 0 
-0.606347 -0.117299 0 0 
-0.606347 -0.117301 0 0 
-0.606346 -0.1173 0 0 
-0.606345 -0.117299 0 0 
-0.606345 -0.117299 0 0 
-0.606346 -0.117299 0 0 
-0.606346 -0.1173 0 0 
-0.606346 -0.1173 0 0 
-0.606346 -0.1173 0 0 
-0.606346 -0.1173 0 0 
-0.606346 -0.1173 0 0 
-0.606346 -0.1173 0 0 
-0.606346 -0.1173 0 0 
-0.606346 -0.1173 0 0 
-0.606346 -0.1173 0 0 
-0.606346 -0.1173 0 0 
-0.606346 -0.1173 0 0 
-0.606346 -0.1173 0 0 
-0.606346 -0.1173 0 0 
-0.606346 -0.1173 0 0 
-0.606346 -0.1173 0 0 
-0.606346 -0.1173 0 0 
-0.606346 -0.1173 0 0 
-0.606346 -0.1173 0 0 
-0.606346 -0.1173 0 0 
-0.606346 -0.1173 0 0 
-0.606346 -0.1173 0 0 
-0.606346 -0.1173 0 0 
-0.606346 -0.1173 0 0 
-0.606346 -0.1173 0 0 
-0.606346 -0.1173 0 0 
-0.606346 -0.1173 0 0 
-0.606346 -0.1173 0 0 
-0.606346 -0.1173 0 0 
-0.606346 -0.1173 0 0 
-0.606346 -0.1173 0 0 
-0.606346 -0.1173 0 0 
-0.606346 -0.1173 0 0 
-0.606346 -0.1173 0 0 
-0.606346 -0.1173 0 0 
-0.606346 -0.1173 0 0 
-0.606346 -0.1173 0 0 
-0.606346 -0.1173 0 0 
-0.606346 -0.1173 0 0 
-0.606346 -0.1173 0 0 
-0.606346 -0.1173 0 0 
-0.606346 -0.1173 0 0 
-0.606346 -0.1173 0 0 
-0.606346 -0.1173 0 0 
-0.606346 -0.1173 0 0 
-0.606346 -0.1173 0 0 
-0.606346 -0.1173 0 0 
-0.606346 -0.1173 0 0 
-0.606346 -0.1173 0 0 
-0.606346 -0.1173 0 0 
-0.606346 -0.1173 0 0 
-0.606346 -0.1173 0 0 
-0.606346 -0.1173 0 0 
-0.412778 0.0374815 0 0 
-1.0263 -0.365435 0 0 
-0.696443 -0.246089 0 0 
-0.554918 -0.106291 0 0 
-0.543745 -0.0766104 0 0 
-0.591195 -0.0976125 0 0 
-0.620268 -0.122301 0 0 
-0.61762 -0.1261 0 0 
-0.606911 -0.119681 0 0 
-0.602965 -0.115558 0 0 
-0.604554 -0.115701 0 0 
-0.606626 -0.117124 0 0 
-0.607064 -0.117744 0 0 
-0.606588 -0.117564 0 0 
-0.606223 -0.117277 0 0 
-0.606209 -0.117202 0 0 
-0.606322 -0.117261 0 0 
-0.60638 -0.117314 0 0 
-0.606369 -0.117319 0 0 
-0.606346 -0.117304 0 0 
-0.606338 -0.117295 0 0 
-0.606342 -0.117296 0 0 
-0.606347 -0.117299 0 0 
-0.606347 -0.117301 0 0 
-0.606346 -0.1173 0 0 
-0.606345 -0.117299 0 0 
-0.606345 -0.117299 0 0 
-0.606346 -0.117299 0 0 
-0.606346 -0.1173 0 0 
-0.606346 -0.1173 0 0 
-0.606346 -0.1173 0 0 
-0.606346 -0.1173 0 0 
-0.606346 -0.1173 0 0 
-0.606346 -0.1173 0 0 
-0.606346 -0.1173 0 0 
-0.606346 -0.1173 0 0 
-0.606346 -0.1173 0 0 
-0.606346 -0.1173 0 0 
-0.606346 -0.1173 0 0 
-0.606346 -0.1173 0 0 
-0.606346 -0.1173 0 0 
-0.606346 -0.1173 0 0 
-0.606346 -0.1173 0 0 
-0.606346 -0.1173 0 0 
-0.606346 -0.1173 0 0 
-0.606346 -0.1173 0 0 
-0.606346 -0.1173 0 0 
-0.606346 -0.1173 0 0 
-0.606346 -0.1173 0 0 
-0.606346 -0.1173 0 0 
-0.606346 -0.1173 0 0 
-0.606346 -0.1173 0 0 
-0.606346 -0.1173 0 0 
-0.606346 -0.1173 0 0 
-0.606346 -0.1173 0 0 
-0.606346 -0.1173 0 0 
-0.606346 -0.1173 0 0 
-0.606346 -0.1173 0 0 
-0.606346 -0.1173 0 0 
-0.606346 -0.1173 0 0 
-0.606346 -0.1173 0 0 
-0.606346 -0.1173 0 0 
-0.606346 -0.1173 0 0 
-0.606346 -0.1173 0 0 
-0.606346 -0.1173 0 0 
-0.606346 -0.1173 0 0 
-0.606346 -0.1173 0 0 
-0.606346 -0.1173 0 0 
-0.606346 -0.1173 0 0 
-0.606346 -0.1173 0 0 
-0.606346 -0.1173 0 0 
-0.606346 -0.1173 0 0 
-0.606346 -0.1173 0 0 
-0.606346 -0.1173 0 0 
-0.606346 -0.1173 0 0 
-0.606346 -0.1173 0 0 
-0.606346 -0.1173 0 0 
-0.606346 -0.1173 0 0 
-0.606346 -0.1173 0 0 
-0.606346 -0.1173 0 0 
-0.412778 0.0374815 0 0 
-1.0263 -0.365435 0 0 
-0.696443 -0.246089 0 0 
-0.554918 -0.106291 0 0 
-0.543745 -0.0766104 0 0 
-0.591195 -0.0976125 0 0 
-0.620268 -0.122301 0 0 
-0.61762 -0.1261 0 0 
-0.606911 -0.119681 0 0 
-0.602965 -0.115558 0 0 
-0.604554 -0.115701 0 0 
-0.606626 -0.117124 0 0 
-0.607064 -0.117744 0 0 
-0.606588 -0.117564 0 0 
-0.606223 -0.117277 0 0 
-0.606209 -0.117202 0 0 
-0.606322 -0.117261 0 0 
-0.60638 -0.117314 0 0 
-0.606369 -0.117319 0 0 
-0.606346 -0.117304 0 0 
-0.606338 -0.117295 0 0 
-0.606342 -0.117296 0 0 
-0.606347 -0.117299 0 0 
-0.606347 -0.117301 0 0 
-0.606346 -0.1173 0 0 
-0.606345 -0.117299 0 0 
-0.606345 -0.117299 0 0 
-0.606346 -0.117299 0 0 
-0.606346 -0.1173 0 0 
-0.606346 -0.1173 0 0 
-0.606346 -0.1173 0 0 
-0.606346 -0.1173 0 0 
-0.606346 -0.1173 0 0 
-0.606346 -0.1173 0 0 
-0.606346 -0.1173 0 0 
-0.606346 -0.1173 0 0 
-0.606346 -0.1173 0 0 
-0.606346 -0.1173 0 0 
-0.606346 -0.1173 0 0 
-0.606346 -0.1173 0 0 
-0.606346 -0.1173 0 0 
-0.606346 -0.1173 0 0 
-0.606346 -0.1173 0 0 
-0.606346 -0.1173 0 0 
-0.606346 -0.1173 0 0 
-0.606346 -0.1173 0 0 
-0.606346 -0.1173 0 0 
-0.606346 -0.1173 0 0 
-0.606346 -0.1173 0 0 
-0.606346 -0.1173 0 0 
-0.606346 -0.1173 0 0 
-0.606346 -0.1173 0 0 
-0.606346 -0.1173 0 0 
-0.606346 -0.1173 0 0 
-0.606346 -0.1173 0 0 
-0.606346 -0.1173 0 0 
-0.606346 -0.1173 0 0 
-0.606346 -0.1173 0 0 
-0.606346 -0.1173 0 0 
-0.606346 -0.1173 0 0 
-0.606346 -0.1173 0 0 
-0.606346 -0.1173 0 0 
-0.606346 -0.1173 0 0 
-0.606346 -0.1173 0 0 
-0.606346 -0.1173 0 0 
-0.606346 -0.1173 0 0 
-0.606346 -0.1173 0 0 
-0.606346 -0.1173 0 0 
-0.606346 -0.1173 0 0 
-0.606346 -0.1173 0 0 
-0.606346 -0.1173 0 0 
-0.606346 -0.1173 0 0 
-0.606346 -0.1173 0 0 
-0.606346 -0.1173 0 0 
-0.606346 -0.1173 0 0 
-0.606346 -0.1173 0 0 
-0.606346 -0.1173 0 0 
-0.606346 -0.1173 0 0 
-0.606346 -0.1173 0 0 
-0.606346 -0.1173 0 0 
-0.412778 0.0374815 0 0 
-1.0263 -0.365435 0 0 
-0.696443 -0.246089 0 0 
-0.554918 -0.106291 0 0 
-0.543745 -0.0766104 0 0 
-0.591195 -0.0976125 0 0 
-0.620268 -0.122301 0 0 
-0.61762 -0.1261 0 0 
-0.606911 -0.119681 0 0 
-0.602965 -0.115558 0 0 
-0.604554 -0.115701 0 0 
-0.606626 -0.117124 0 0 
-0.607064 -0.117744 0 0 
-0.606588 -0.117564 0 0 
-0.606223 -0.117277 0 0 
-0.606209 -0.117202 0 0 
-0.606322 -0.117261 0 0 
-0.60638 -0.117314 0 0 
-0.606369 -0.117319 0 0 
-0.606346 -0.117304 0 0 
-0.606338 -0.117295 0 0 
-0.606342 -0.117296 0 0 
-0.606347 -0.117299 0 0 
-0.606347 -0.117301 0 0 
-0.606346 -0.1173 0 0 
-0.606345 -0.117299 0 0 
-0.606345 -0.117299 0 0 
-0.606346 -0.117299 0 0 
-0.606346 -0.1173 0 0 
-0.606346 -0.1173 0 0 
-0.606346 -0.1173 0 0 
-0.606346 -0.1173 0 0 
-0.606346 -0.1173 0 0 
-0.606346 -0.1173 0 0 
-0.606346 -0.1173 0 0 
-0.606346 -0.1173 0 0 
-0.606346 -0.1173 0 0 
-0.606346 -0.1173 0 0 
-0.606346 -0.1173 0 0 
-0.606346 -0.1173 0 0 
-0.606346 -0.1173 0 0 
-0.606346 -0.1173 0 0 
-0.606346 -0.1173 0 0 
-0.606346 -0.1173 0 0 
-0.606346 -0.1173 0 0 
-0.606346 -0.1173 0 0 
-0.606346 -0.1173 0 0 
-0.606346 -0.1173 0 0 
-0.606346 -0.1173 0 0 
-0.606346 -0.1173 0 0 
-0.606346 -0.1173 0 0 
-0.606346 -0.1173 0 0 
-0.606346 -0.1173 0 0 
-0.606346 -0.1173 0 0 
-0.606346 -0.1173 0 0 
-0.606346 -0.1173 0 0 
-0.606346 -0.1173 0 0 
-0.606346 -0.1173 0 0 
-0.606346 -0.1173 0 0 
-0.606346 -0.1173 0 0 
-0.606346 -0.1173 0 0 
-0.606346 -0.1173 0 0 
-0.606346 -0.1173 0 0 
-0.606346 -0.1173 0 0 
-0.606346 -0.1173 0 0 
-0.606346 -0.1173 0 0 
-0.606346 -0.1173 0 0 
-0.606346 -0.1173 0 0 
-0.606346 -0.1173 0 0 
-0.606346 -0.1173 0 0 
-0.606346 -0.1173 0 0 
-0.606346 -0.1173 0 0 
-0.606346 -0.1173 0 0 
-0.606346 -0.1173 0 0 
-0.606346 -0.1173 0 0 
-0.606346 -0.1173 0 0 
-0.606346 -0.1173 0 0 
-0.606346 -0.1173 0 0 
-0.606346 -0.1173 0 0 
-0.606346 -0.1173 0 0 
-0.412778 0.0374815 0 0 
-1.0263 -0.365435 0 0 
-0.696443 -0.246089 0 0 
-0.554918 -0.106291 0 0 
-0.543745 -0.0766104 0 0 
-0.591195 -0.0976125 0 0 
-0.620268 -0.122301 0 0 
-0.61762 -0.1261 0 0 
-0.606911 -0.119681 0 0 
-0.602965 -0.115558 0 0 
-0.604554 -0.115701 0 0 
-0.606626 -0.117124 0 0 
-0.607064 -0.117744 0 0 
-0.606588 -0.117564 0 0 
-0.606223 -0.117277 0 0 
-0.606209 -0.117202 0 0 
-0.606322 -0.117261 0 0 
-0.60638 -0.117314 0 0 
-0.606369 -0.117319 0 0 
-0.606346 -0.117304 0 0 
-0.606338 -0.117295 0 0 
-0.606342 -0.117296 0 0 
-0.606347 -0.117299 0 0 
-0.606347 -0.117301 0 0 
-0.606346 -0.1173 0 0 
-0.606345 -0.117299 0 0 
-0.606345 -0.117299 0 0 
-0.606346 -0.117299 0 0 
-0.606346 -0.1173 0 0 
-0.606346 -0.1173 0 0 
-0.606346 -0.1173 0 0 
-0.606346 -0.1173 0 0 
-0.606346 -0.1173 0 0 
-0.606346 -0.1173 0 0 
-0.606346 -0.1173 0 0 
-0.606346 -0.1173 0 0 
-0.606346 -0.1173 0 0 
-0.606346 -0.1173 0 0 
-0.606346 -0.1173 0 0 
-0.606346 -0.1173 0 0 
-0.606346 -0.1173 0 0 
-0.606346 -0.1173 0 0 
-0.606346 -0.1173 0 0 
-0.606346 -0.1173 0 0 
-0.606346 -0.1173 0 0 
-0.606346 -0.1173 0 0 
-0.606346 -0.1173 0 0 
-0.606346 -0.1173 0 0 
-0.606346 -0.1173 0 0 
-0.606346 -0.1173 0 0 
-0.606346 -0.1173 0 0 
-0.606346 -0.1173 0 0 
-0.606346 -0.1173 0 0 
-0.606346 -0.1173 0 0 
-0.606346 -0.1173 0 0 
-0.606346 -0.1173 0 0 
-0.606346 -0.1173 0 0 
-0.606346 -0.1173 0 0 
-0.606346 -0.1173 0 0 
-0.606346 -0.1173 0 0 
-0.606346 -0.1173 0 0 
-0.606346 -0.1173 0 0 
-0.606346 -0.1173 0 0 
-0.606346 -0.1173 0 0 
-0.606346 -0.1173 0 0 
-0.606346 -0.1173 0 0 
-0.606346 -0.1173 0 0 
-0.606346 -0.1173 0 0 
-0.606346 -0.1173 0 0 
-0.606346 -0.1173 0 0 
-0.606346 -0.1173 0 0 
-0.606346 -0.1173 0 0 
-0.606346 -0.1173 0 0 
-0.606346 -0.1173 0 0 
-0.606346 -0.1173 0 0 
-0.606346 -0.1173 0 0 
-0.606346 -0.1173 0 0 
-0.606346 -0.1173 0 0 
-0.606346 -0.1173 0 0 
-0.606346 -0.1173 0 0 
-0.412778 0.0374815 0 0 
-1.0263 -0.365435 0 0 
-0.696443 -0.246089 0 0 
-0.554918 -0.106291 0 0 
-0.543745 -0.0766104 0 0 
-0.591195 -0.0976125 0 0 
-0.620268 -0.122301 0 0 
-0.61762 -0.1261 0 0 
-0.606911 -0.119681 0 0 
-0.602965 -0.115558 0 0 
-0.604554 -0.115701 0 0 
-0.606626 -0.117124 0 0 
-0.607064 -0.117744 0 0 
-0.606588 -0.117564 0 0 
-0.606223 -0.117277 0 0 
-0.606209 -0.117202 0 0 
-0.606322 -0.117261 0 0 
-0.60638 -0.117314 0 0 
-0.606369 -0.117319 0 0 
-0.606346 -0.117304 0 0 
-0.606338 -0.117295 0 0 
-0.606342 -0.117296 0 0 
-0.606347 -0.117299 0 0 
-0.606347 -0.117301 0 0 
-0.606346 -0.1173 0 0 
-0.606345 -0.117299 0 0 
-0.606345 -0.117299 0 0 
-0.606346 -0.117299 0 0 
-0.606346 -0.1173 0 0 
-0.606346 -0.1173 0 0 
-0.606346 -0.1173 0 0 
-0.606346 -0.1173 0 0 
-0.606346 -0.1173 0 0 
-0.606346 -0.1173 0 0 
-0.606346 -0.1173 0 0 
-0.606346 -0.1173 0 0 
-0.606346 -0.1173 0 0 
-0.606346 -0.1173 0 0 
-0.606346 -0.1173 0 0 
-0.606346 -0.1173 0 0 
-0.606346 -0.1173 0 0 
-0.606346 -0.1173 0 0 
-0.606346 -0.1173 0 0 
-0.606346 -0.1173 0 0 
-0.606346 -0.1173 0 0 
-0.606346 -0.1173 0 0 
-0.606346 -0.1173 0 0 
-0.606346 -0.1173 0 0 
-0.606346 -0.1173 0 0 
-0.606346 -0.1173 0 0 
-0.606346 -0.1173 0 0 
-0.606346 -0.1173 0 0 
-0.606346 -0.1173 0 0 
-0.606346 -0.1173 0 0 
-0.606346 -0.1173 0 0 
-0.606346 -0.1173 0 0 
-0.606346 -0.1173 0 0 
-0.606346 -0.1173 0 0 
-0.606346 -0.1173 0 0 
-0.606346 -0.1173 0 0 
-0.606346 -0.1173 0 0 
-0.606346 -0.1173 0 0 
-0.606346 -0.1173 0 0 
-0.606346 -0.1173 0 0 
-0.606346 -0.1173 0 0 
-0.606346 -0.1173 0 0 
-0.606346 -0.1173 0 0 
-0.606346 -0.1173 0 0 
-0.606346 -0.1173 0 0 
-0.606346 -0.1173 0 0 
-0.606346 -0.1173 0 0 
-0.606346 -0.1173 0 0 
-0.606346 -0.1173 0 0 
-0.606346 -0.1173 0 0 
-0.606346 -0.1173 0 0 
-0.606346 -0.1173 0 0 
-0.606346 -0.1173 0 0 
-0.606346 -0.1173 0 0 
-0.606346 -0.1173 0 0 
-0.606346 -0.1173 0 0 
-0.412778 0.0374815 0 0 
-1.0263 -0.365435 0 0 
-0.696443 -0.246089 0 0 
-0.554918 -0.106291 0 0 
-0.543745 -0.0766104 0 0 
-0.591195 -0.0976125 0 0 
-0.620268 -0.122301 0 0 
-0.61762 -0.1261 0 0 
-0.606911 -0.119681 0 0 
-0.602965 -0.115558 0 0 
-0.604554 -0.115701 0 0 
-0.606626 -0.117124 0 0 
-0.607064 -0.117744 0 0 
-0.606588 -0.117564 0 0 
-0.606223 -0.117277 0 0 
-0.606209 -0.117202 0 0 
-0.606322 -0.117261 0 0 
-0.60638 -0.117314 0 0 
-0.606369 -0.117319 0 0 
-0.606346 -0.117304 0 0 
