0.703 -0.096 0.232 0.295
0.292 -0.055 0.156 0.195
0.054 0.011 0.103 0.146
-0.080 -0.007 0.080 0.145
-0.577 -0.031 0.080 0.080
-0.918 -0.039 0.061 0.008
-0.886 -0.006 0.039 0.006
-0.855 -0.026 0.062 0.035
-0.302 -0.017 0.099 0.095
0.238 -0.027 0.147 0.194
0.563 -0.068 0.231 0.265
0.847 -0.074 0.272 0.333
1.040 -0.081 0.250 0.351
1.115 -0.085 0.217 0.363
1.178 -0.072 0.193 0.403
1.214 -0.062 0.181 0.432
1.246 -0.057 0.171 0.459
1.261 -0.057 0.168 0.403
1.261 -0.056 0.163 0.444
1.203 -0.062 0.169 0.383
1.071 -0.075 0.204 0.361
0.747 -0.109 0.243 0.317
0.297 -0.044 0.153 0.200
0.027 0.010 0.087 0.138
-0.013 -0.006 0.111 0.210
-0.543 -0.012 0.061 0.150
-0.680 -0.022 0.067 0.103
-0.772 -0.031 0.054 0.059
-0.794 -0.028 0.057 0.055
-0.767 -0.023 0.063 0.063
-0.712 -0.018 0.067 0.089
-0.587 -0.031 0.083 0.116
-0.010 0.002 0.108 0.149
0.294 -0.019 0.154 0.195
0.613 -0.051 0.216 0.264
0.862 -0.070 0.256 0.292
1.050 -0.071 0.230 0.289
1.116 -0.073 0.200 0.277
1.176 -0.060 0.181 0.306
1.211 -0.062 0.175 0.308
1.211 -0.066 0.174 0.287
1.208 -0.065 0.173 0.281
1.167 -0.065 0.181 0.304
1.074 -0.083 0.211 0.303
0.935 -0.109 0.263 0.313
0.606 -0.140 0.246 0.291
0.221 -0.119 0.183 0.214
-0.037 -0.088 0.129 0.162
-0.142 -0.068 0.112 0.171
-0.728 -0.024 0.051 0.088
-0.820 -0.001 0.033 0.052
-0.797 -0.015 0.057 0.070
-0.847 -0.023 0.055 0.063
-0.836 -0.016 0.056 0.056
-0.765 -0.007 0.057 0.065
-0.635 -0.052 0.136 0.060
-0.449 -0.153 0.256 0.211
0.400 -0.074 0.251 0.353
0.871 -0.070 0.259 0.333
1.021 -0.090 0.231 0.352
1.081 -0.085 0.196 0.359
1.118 -0.087 0.179 0.359
1.169 -0.084 0.177 0.385
1.190 -0.079 0.171 0.390
1.197 -0.082 0.171 0.380
1.192 -0.076 0.173 0.365
1.120 -0.084 0.191 0.309
1.010 -0.109 0.240 0.328
0.755 -0.148 0.262 0.326
0.343 -0.174 0.216 0.264
0.013 -0.130 0.147 0.178
-0.149 -0.091 0.106 0.142
-0.531 -0.046 0.086 0.089
-0.875 -0.014 0.043 0.023
-0.853 0.001 0.030 0.027
-0.850 -0.021 0.054 0.051
-0.852 -0.023 0.054 0.054
-0.931 -0.017 0.047 0.027
-0.895 -0.016 0.051 0.035
-0.755 -0.017 0.071 0.081
