0.274 79.757 -10.333
3.275 68.757 -6.667
-1.858 78.759 -1.333
1.458 60.937 0.000
2.824 69.217 1.333
2.377 23.562 0.000
1.839 -15.191 0.000
-2.974 -95.573 -3.000
-0.196 -93.287 -3.333
0.400 -70.691 5.000
-1.062 -61.523 4.667
2.668 -70.799 8.333
2.114 -56.879 8.667
-0.091 -44.983 9.000
-3.267 -30.208 5.667
-1.165 -18.508 5.667
0.319 -15.072 2.000
2.889 -7.165 2.000
-3.620 10.886 -4.000
0.899 57.447 -11.333
-2.719 98.987 -16.000
0.761 113.274 -10.000
-0.538 84.654 -4.667
-0.794 82.087 -5.000
-0.075 67.235 1.667
2.976 50.327 1.667
0.898 30.410 -1.667
1.967 13.069 3.333
-0.705 14.229 0.000
-0.691 -12.615 0.000
1.501 -71.106 -5.000
-1.369 -87.616 -1.333
-0.349 -82.876 0.000
-2.495 -67.277 1.333
2.965 -61.615 5.000
1.367 -70.346 8.000
1.036 -60.923 10.333
-1.747 -46.451 8.667
0.329 -24.731 7.333
-0.814 -23.552 4.000
-2.583 -11.911 3.667
-1.381 7.557 -2.000
6.514 46.475 -11.000
-1.383 60.854 -9.000
0.637 72.710 -13.667
-0.451 77.883 -8.000
4.080 69.022 -7.667
-3.941 103.623 -3.333
-0.055 75.410 0.000
0.712 56.837 1.667
-0.335 30.443 4.667
0.548 20.108 1.333
2.175 9.449 0.000
-2.469 -30.991 0.000
0.646 -107.615 -3.000
-1.569 -101.971 1.667
-3.437 -79.215 3.000
3.050 -87.577 4.667
2.159 -77.443 8.333
-0.516 -51.368 10.333
2.683 -49.773 7.000
-0.504 -38.929 7.333
1.127 -7.840 4.000
1.491 0.619 1.667
0.959 -0.501 0.000
-0.985 23.848 -5.667
3.336 63.428 -9.000
-5.654 73.619 -10.667
1.234 73.890 -10.000
-0.793 72.109 -8.000
-0.625 95.634 -6.000
0.332 81.133 -1.667
0.502 60.789 0.000
0.714 47.024 3.000
-0.055 31.682 3.000
-0.796 18.985 3.333
0.256 12.274 1.667
-0.349 11.423 3.000
1.096 -48.812 -3.000
1.444 -116.174 -11.000
