0.698 -0.164 0.839 1.862
0.663 -0.157 0.763 1.864
0.689 -0.124 0.775 1.858
0.739 -0.138 0.767 1.952
0.715 -0.152 0.692 1.379
0.902 -0.092 0.673 1.554
0.976 -0.077 0.656 1.530
1.038 -0.058 0.676 1.583
1.027 -0.064 0.692 1.646
0.951 -0.062 0.716 1.733
0.837 -0.062 0.738 1.701
0.665 -0.069 0.767 1.644
0.504 -0.108 0.817 1.673
0.375 -0.143 0.896 1.755
0.276 -0.181 1.007 1.790
0.209 -0.217 1.123 1.864
0.188 -0.235 1.193 1.941
0.182 -0.221 1.208 1.946
0.188 -0.205 1.161 1.886
0.260 -0.177 1.071 1.860
0.356 -0.142 0.971 1.787
0.476 -0.136 0.908 1.725
0.598 -0.133 0.821 1.650
0.725 -0.120 0.775 1.573
0.821 -0.123 0.743 1.449
0.913 -0.128 0.710 1.408
0.988 -0.104 0.655 1.398
1.054 -0.085 0.650 1.434
1.108 -0.077 0.646 1.502
1.138 -0.081 0.663 1.572
1.138 -0.084 0.704 1.637
1.110 -0.097 0.775 1.650
1.053 -0.118 0.840 1.662
0.945 -0.113 0.891 1.681
0.801 -0.111 0.949 1.699
0.667 -0.123 1.038 1.728
0.541 -0.142 1.128 1.819
0.419 -0.143 1.192 1.893
0.340 -0.158 1.265 1.966
0.316 -0.178 1.312 2.018
0.309 -0.212 1.284 1.993
0.370 -0.200 1.199 1.952
0.476 -0.179 1.115 1.907
0.593 -0.170 1.016 1.835
0.701 -0.152 0.903 1.750
0.799 -0.110 0.808 1.705
0.875 -0.095 0.749 1.666
0.946 -0.091 0.711 1.651
1.018 -0.085 0.681 1.665
1.085 -0.081 0.678 1.734
1.143 -0.076 0.692 1.816
1.154 -0.071 0.719 1.871
1.117 -0.079 0.765 1.907
1.055 -0.098 0.841 1.919
0.962 -0.107 0.932 1.920
0.855 -0.133 1.024 1.911
0.719 -0.149 1.098 1.895
0.603 -0.161 1.164 1.906
0.523 -0.168 1.234 1.956
0.473 -0.186 1.288 1.978
0.430 -0.204 1.314 1.963
0.470 -0.223 1.298 1.942
0.538 -0.221 1.225 1.872
0.610 -0.198 1.095 1.846
0.694 -0.167 0.931 1.763
0.802 -0.109 0.771 1.701
0.900 -0.071 0.660 1.734
0.988 -0.050 0.585 1.804
1.055 -0.040 0.551 1.819
1.099 -0.026 0.575 1.914
1.101 -0.036 0.636 1.983
1.046 -0.066 0.713 1.954
0.970 -0.090 0.827 1.915
0.880 -0.128 0.959 1.883
0.770 -0.176 1.071 1.833
0.705 -0.177 1.174 1.835
0.688 -0.151 1.284 1.893
0.648 -0.148 1.361 1.950
0.621 -0.127 1.390 1.993
0.627 -0.115 1.374 2.012
0.651 -0.137 1.317 2.010
0.659 -0.158 1.193 1.902
0.717 -0.150 1.041 1.802
0.798 -0.133 0.890 1.685
0.889 -0.103 0.766 1.627
0.961 -0.085 0.672 1.583
1.039 -0.079 0.628 1.636
1.101 -0.076 0.632 1.701
1.129 -0.074 0.667 1.816
1.116 -0.096 0.768 1.870
1.064 -0.128 0.905 1.886
1.010 -0.142 1.033 1.900
0.950 -0.153 1.131 1.883
0.907 -0.180 1.217 1.842
0.867 -0.161 1.224 1.812
0.881 -0.180 1.241 1.838
0.918 -0.110 1.206 1.871
0.950 -0.013 1.182 2.061
0.941 -0.038 1.221 1.994
1.101 -0.061 1.242 2.073
