0.698 -0.157 0.838 1.876
0.662 -0.161 0.765 1.847
0.683 -0.129 0.776 1.850
0.742 -0.137 0.767 1.981
0.712 -0.149 0.701 1.446
0.895 -0.093 0.678 1.555
0.969 -0.078 0.656 1.533
1.034 -0.059 0.678 1.571
1.033 -0.063 0.690 1.641
0.962 -0.061 0.712 1.732
0.852 -0.062 0.733 1.711
0.683 -0.068 0.765 1.644
0.520 -0.102 0.808 1.670
0.385 -0.139 0.887 1.746
0.283 -0.178 0.997 1.783
0.212 -0.214 1.113 1.853
0.188 -0.234 1.189 1.937
0.180 -0.222 1.209 1.949
0.186 -0.209 1.172 1.891
0.252 -0.182 1.080 1.861
0.345 -0.145 0.979 1.797
0.462 -0.134 0.914 1.732
0.586 -0.136 0.829 1.660
0.714 -0.118 0.775 1.583
0.812 -0.121 0.747 1.463
0.903 -0.129 0.714 1.403
0.982 -0.108 0.660 1.398
1.048 -0.086 0.650 1.426
1.103 -0.077 0.647 1.496
1.136 -0.081 0.659 1.562
1.140 -0.084 0.701 1.641
1.114 -0.094 0.766 1.646
1.061 -0.116 0.835 1.663
0.958 -0.115 0.884 1.678
0.816 -0.113 0.943 1.697
0.680 -0.122 1.028 1.721
0.552 -0.142 1.120 1.810
0.430 -0.143 1.185 1.884
0.345 -0.156 1.259 1.959
0.319 -0.173 1.310 2.017
0.305 -0.212 1.289 1.999
0.364 -0.204 1.212 1.954
0.464 -0.181 1.122 1.912
0.582 -0.171 1.028 1.844
0.690 -0.156 0.915 1.754
0.792 -0.111 0.818 1.709
0.867 -0.094 0.752 1.672
0.939 -0.092 0.715 1.651
1.011 -0.086 0.683 1.662
1.078 -0.081 0.677 1.730
1.138 -0.077 0.688 1.805
1.155 -0.072 0.714 1.869
1.122 -0.078 0.759 1.905
1.063 -0.097 0.832 1.917
0.973 -0.105 0.923 1.917
0.867 -0.129 1.014 1.914
0.732 -0.145 1.091 1.892
0.613 -0.160 1.156 1.902
0.529 -0.166 1.229 1.952
0.479 -0.184 1.283 1.981
0.428 -0.202 1.312 1.965
0.464 -0.223 1.305 1.942
0.531 -0.221 1.235 1.880
0.603 -0.200 1.110 1.848
0.683 -0.173 0.948 1.771
0.795 -0.117 0.789 1.704
0.891 -0.073 0.667 1.735
0.981 -0.053 0.594 1.797
1.048 -0.041 0.550 1.817
1.096 -0.026 0.571 1.903
1.105 -0.033 0.631 1.975
1.052 -0.063 0.705 1.958
0.978 -0.088 0.813 1.919
0.891 -0.125 0.949 1.888
0.786 -0.164 1.062 1.849
0.707 -0.178 1.160 1.836
0.690 -0.150 1.272 1.886
0.650 -0.149 1.353 1.945
0.622 -0.129 1.388 1.989
0.619 -0.124 1.376 2.000
0.649 -0.135 1.327 2.014
0.656 -0.160 1.208 1.913
0.712 -0.150 1.057 1.812
0.789 -0.134 0.904 1.696
0.880 -0.105 0.777 1.627
0.953 -0.087 0.679 1.583
1.032 -0.079 0.629 1.630
1.097 -0.076 0.632 1.692
1.128 -0.073 0.659 1.806
1.121 -0.093 0.757 1.873
1.068 -0.126 0.891 1.884
1.015 -0.142 1.022 1.900
0.955 -0.152 1.121 1.885
0.909 -0.180 1.212 1.842
0.867 -0.161 1.224 1.804
0.881 -0.188 1.247 1.832
0.899 -0.122 1.196 1.854
0.965 -0.006 1.190 2.069
0.930 -0.047 1.223 1.987
1.137 -0.043 1.279 2.086
